isco_08_4dig;isco_08_1dig;isco_08_2dig;isco_08_3dig
110;0;1;11
210;0;2;21
310;0;3;31
1111;1;11;111
1112;1;11;111
1113;1;11;111
1114;1;11;111
1120;1;11;112
1211;1;12;121
1212;1;12;121
1213;1;12;121
1219;1;12;121
1221;1;12;122
1222;1;12;122
1223;1;12;122
1311;1;13;131
1312;1;13;131
1321;1;13;132
1322;1;13;132
1323;1;13;132
1324;1;13;132
1330;1;13;133
1341;1;13;134
1342;1;13;134
1343;1;13;134
1344;1;13;134
1345;1;13;134
1346;1;13;134
1349;1;13;134
1411;1;14;141
1412;1;14;141
1420;1;14;142
1431;1;14;143
1439;1;14;143
2111;2;21;211
2112;2;21;211
2113;2;21;211
2114;2;21;211
2120;2;21;212
2131;2;21;213
2132;2;21;213
2133;2;21;213
2141;2;21;214
2142;2;21;214
2143;2;21;214
2144;2;21;214
2145;2;21;214
2146;2;21;214
2149;2;21;214
2151;2;21;215
2152;2;21;215
2153;2;21;215
2161;2;21;216
2162;2;21;216
2163;2;21;216
2164;2;21;216
2165;2;21;216
2166;2;21;216
2211;2;22;221
2212;2;22;221
2221;2;22;222
2222;2;22;222
2230;2;22;223
2240;2;22;224
2250;2;22;225
2261;2;22;226
2262;2;22;226
2263;2;22;226
2264;2;22;226
2265;2;22;226
2266;2;22;226
2267;2;22;226
2269;2;22;226
2310;2;23;231
2320;2;23;232
2330;2;23;233
2341;2;23;234
2342;2;23;234
2351;2;23;235
2352;2;23;235
2353;2;23;235
2354;2;23;235
2355;2;23;235
2356;2;23;235
2359;2;23;235
2411;2;24;241
2412;2;24;241
2413;2;24;241
2421;2;24;242
2422;2;24;242
2423;2;24;242
2424;2;24;242
2431;2;24;243
2432;2;24;243
2433;2;24;243
2434;2;24;243
2511;2;25;251
2512;2;25;251
2513;2;25;251
2514;2;25;251
2519;2;25;251
2521;2;25;252
2522;2;25;252
2523;2;25;252
2529;2;25;252
2611;2;26;261
2612;2;26;261
2619;2;26;261
2621;2;26;262
2622;2;26;262
2631;2;26;263
2632;2;26;263
2633;2;26;263
2634;2;26;263
2635;2;26;263
2636;2;26;263
2641;2;26;264
2642;2;26;264
2643;2;26;264
2651;2;26;265
2652;2;26;265
2653;2;26;265
2654;2;26;265
2655;2;26;265
2656;2;26;265
2659;2;26;265
3111;3;31;311
3112;3;31;311
3113;3;31;311
3114;3;31;311
3115;3;31;311
3116;3;31;311
3117;3;31;311
3118;3;31;311
3119;3;31;311
3121;3;31;312
3122;3;31;312
3123;3;31;312
3131;3;31;313
3132;3;31;313
3133;3;31;313
3134;3;31;313
3135;3;31;313
3139;3;31;313
3141;3;31;314
3142;3;31;314
3143;3;31;314
3151;3;31;315
3152;3;31;315
3153;3;31;315
3154;3;31;315
3155;3;31;315
3211;3;32;321
3212;3;32;321
3213;3;32;321
3214;3;32;321
3221;3;32;322
3222;3;32;322
3230;3;32;323
3240;3;32;324
3251;3;32;325
3252;3;32;325
3253;3;32;325
3254;3;32;325
3255;3;32;325
3256;3;32;325
3257;3;32;325
3258;3;32;325
3259;3;32;325
3311;3;33;331
3312;3;33;331
3313;3;33;331
3314;3;33;331
3315;3;33;331
3321;3;33;332
3322;3;33;332
3323;3;33;332
3324;3;33;332
3331;3;33;333
3332;3;33;333
3333;3;33;333
3334;3;33;333
3339;3;33;333
3341;3;33;334
3342;3;33;334
3343;3;33;334
3344;3;33;334
3351;3;33;335
3352;3;33;335
3353;3;33;335
3354;3;33;335
3355;3;33;335
3359;3;33;335
3411;3;34;341
3412;3;34;341
3413;3;34;341
3421;3;34;342
3422;3;34;342
3423;3;34;342
3431;3;34;343
3432;3;34;343
3433;3;34;343
3434;3;34;343
3435;3;34;343
3511;3;35;351
3512;3;35;351
3513;3;35;351
3514;3;35;351
3521;3;35;352
3522;3;35;352
4110;4;41;411
4120;4;41;412
4131;4;41;413
4132;4;41;413
4211;4;42;421
4212;4;42;421
4213;4;42;421
4214;4;42;421
4221;4;42;422
4222;4;42;422
4223;4;42;422
4224;4;42;422
4225;4;42;422
4226;4;42;422
4227;4;42;422
4229;4;42;422
4311;4;43;431
4312;4;43;431
4313;4;43;431
4321;4;43;432
4322;4;43;432
4323;4;43;432
4411;4;44;441
4412;4;44;441
4413;4;44;441
4414;4;44;441
4415;4;44;441
4416;4;44;441
4419;4;44;441
5111;5;51;511
5112;5;51;511
5113;5;51;511
5120;5;51;512
5131;5;51;513
5132;5;51;513
5141;5;51;514
5142;5;51;514
5151;5;51;515
5152;5;51;515
5153;5;51;515
5161;5;51;516
5162;5;51;516
5163;5;51;516
5164;5;51;516
5165;5;51;516
5169;5;51;516
5211;5;52;521
5212;5;52;521
5221;5;52;522
5222;5;52;522
5223;5;52;522
5230;5;52;523
5241;5;52;524
5242;5;52;524
5243;5;52;524
5244;5;52;524
5245;5;52;524
5246;5;52;524
5249;5;52;524
5311;5;53;531
5312;5;53;531
5321;5;53;532
5322;5;53;532
5329;5;53;532
5411;5;54;541
5412;5;54;541
5413;5;54;541
5414;5;54;541
5419;5;54;541
6111;6;61;611
6112;6;61;611
6113;6;61;611
6114;6;61;611
6121;6;61;612
6122;6;61;612
6123;6;61;612
6129;6;61;612
6130;6;61;613
6210;6;62;621
6221;6;62;622
6222;6;62;622
6223;6;62;622
6224;6;62;622
6310;6;63;631
6320;6;63;632
6330;6;63;633
6340;6;63;634
7111;7;71;711
7112;7;71;711
7113;7;71;711
7114;7;71;711
7115;7;71;711
7119;7;71;711
7121;7;71;712
7122;7;71;712
7123;7;71;712
7124;7;71;712
7125;7;71;712
7126;7;71;712
7127;7;71;712
7131;7;71;713
7132;7;71;713
7133;7;71;713
7211;7;72;721
7212;7;72;721
7213;7;72;721
7214;7;72;721
7215;7;72;721
7221;7;72;722
7222;7;72;722
7223;7;72;722
7224;7;72;722
7231;7;72;723
7232;7;72;723
7233;7;72;723
7234;7;72;723
7311;7;73;731
7312;7;73;731
7313;7;73;731
7314;7;73;731
7315;7;73;731
7316;7;73;731
7317;7;73;731
7318;7;73;731
7319;7;73;731
7321;7;73;732
7322;7;73;732
7323;7;73;732
7411;7;74;741
7412;7;74;741
7413;7;74;741
7421;7;74;742
7422;7;74;742
7511;7;75;751
7512;7;75;751
7513;7;75;751
7514;7;75;751
7515;7;75;751
7516;7;75;751
7521;7;75;752
7522;7;75;752
7523;7;75;752
7531;7;75;753
7532;7;75;753
7533;7;75;753
7534;7;75;753
7535;7;75;753
7536;7;75;753
7541;7;75;754
7542;7;75;754
7543;7;75;754
7544;7;75;754
7549;7;75;754
8111;8;81;811
8112;8;81;811
8113;8;81;811
8114;8;81;811
8121;8;81;812
8122;8;81;812
8131;8;81;813
8132;8;81;813
8141;8;81;814
8142;8;81;814
8143;8;81;814
8151;8;81;815
8152;8;81;815
8153;8;81;815
8154;8;81;815
8155;8;81;815
8156;8;81;815
8157;8;81;815
8159;8;81;815
8160;8;81;816
8171;8;81;817
8172;8;81;817
8181;8;81;818
8182;8;81;818
8183;8;81;818
8189;8;81;818
8211;8;82;821
8212;8;82;821
8219;8;82;821
8311;8;83;831
8312;8;83;831
8321;8;83;832
8322;8;83;832
8331;8;83;833
8332;8;83;833
8341;8;83;834
8342;8;83;834
8343;8;83;834
8344;8;83;834
8350;8;83;835
9111;9;91;911
9112;9;91;911
9121;9;91;912
9122;9;91;912
9123;9;91;912
9129;9;91;912
9211;9;92;921
9212;9;92;921
9213;9;92;921
9214;9;92;921
9215;9;92;921
9216;9;92;921
9311;9;93;931
9312;9;93;931
9313;9;93;931
9321;9;93;932
9329;9;93;932
9331;9;93;933
9332;9;93;933
9333;9;93;933
9334;9;93;933
9411;9;94;941
9412;9;94;941
9510;9;95;951
9520;9;95;952
9611;9;96;961
9612;9;96;961
9613;9;96;961
9621;9;96;962
9622;9;96;962
9623;9;96;962
9624;9;96;962
9629;9;96;962
