isco_08_4dig;isco_88_4dig;isco_08_3dig;isco_08_2dig;isco_08_1dig;isco_88_3dig;isco_88_2dig;isco_88_1dig
110;110;11;1;0;11;1;0
210;110;21;2;0;11;1;0
310;110;31;3;0;11;1;0
1111;1110;111;11;1;111;11;1
1112;1120;111;11;1;112;11;1
1113;1130;111;11;1;113;11;1
1114;1141;111;11;1;114;11;1
1114;1142;111;11;1;114;11;1
1114;1143;111;11;1;114;11;1
1120;1210;112;11;1;121;12;1
1311;1221;131;13;1;122;12;1
1312;1221;131;13;1;122;12;1
1321;1222;132;13;1;122;12;1
1322;1222;132;13;1;122;12;1
1323;1223;132;13;1;122;12;1
3123;1223;312;31;3;122;12;1
1420;1224;142;14;1;122;12;1
1411;1225;141;14;1;122;12;1
1412;1225;141;14;1;122;12;1
1324;1226;132;13;1;122;12;1
1330;1226;133;13;1;122;12;1
1219;1227;121;12;1;122;12;1
1346;1227;134;13;1;122;12;1
1219;1228;121;12;1;122;12;1
1213;1229;121;12;1;122;12;1
1219;1229;121;12;1;122;12;1
1341;1229;134;13;1;122;12;1
1342;1229;134;13;1;122;12;1
1343;1229;134;13;1;122;12;1
1344;1229;134;13;1;122;12;1
1345;1229;134;13;1;122;12;1
1349;1229;134;13;1;122;12;1
1439;1229;143;14;1;122;12;1
2654;1229;265;26;2;122;12;1
3435;1229;343;34;3;122;12;1
1211;1231;121;12;1;123;12;1
1219;1231;121;12;1;123;12;1
1212;1232;121;12;1;123;12;1
1221;1233;122;12;1;123;12;1
1222;1234;122;12;1;123;12;1
1324;1235;132;13;1;123;12;1
1330;1236;133;13;1;123;12;1
1223;1237;122;12;1;123;12;1
1213;1239;121;12;1;123;12;1
6111;1311;611;61;6;131;13;1
6112;1311;611;61;6;131;13;1
6113;1311;611;61;6;131;13;1
6114;1311;611;61;6;131;13;1
6121;1311;612;61;6;131;13;1
6122;1311;612;61;6;131;13;1
6130;1311;613;61;6;131;13;1
6210;1311;621;62;6;131;13;1
6221;1311;622;62;6;131;13;1
6222;1311;622;62;6;131;13;1
6223;1311;622;62;6;131;13;1
1321;1312;132;13;1;131;13;1
1322;1312;132;13;1;131;13;1
1323;1313;132;13;1;131;13;1
1420;1314;142;14;1;131;13;1
5221;1314;522;52;5;131;13;1
1411;1315;141;14;1;131;13;1
1412;1315;141;14;1;131;13;1
1324;1316;132;13;1;131;13;1
1330;1316;133;13;1;131;13;1
1211;1317;121;12;1;131;13;1
1212;1317;121;12;1;131;13;1
1219;1317;121;12;1;131;13;1
1221;1317;122;12;1;131;13;1
1222;1317;122;12;1;131;13;1
1330;1317;133;13;1;131;13;1
1346;1317;134;13;1;131;13;1
1219;1318;121;12;1;131;13;1
1223;1319;122;12;1;131;13;1
1341;1319;134;13;1;131;13;1
1342;1319;134;13;1;131;13;1
1343;1319;134;13;1;131;13;1
1344;1319;134;13;1;131;13;1
1345;1319;134;13;1;131;13;1
1349;1319;134;13;1;131;13;1
1431;1319;143;14;1;131;13;1
1439;1319;143;14;1;131;13;1
2111;2111;211;21;2;211;21;2
2112;2112;211;21;2;211;21;2
2113;2113;211;21;2;211;21;2
2262;2113;226;22;2;211;21;2
2114;2114;211;21;2;211;21;2
2120;2121;212;21;2;212;21;2
2120;2122;212;21;2;212;21;2
2511;2131;251;25;2;213;21;2
2512;2131;251;25;2;213;21;2
2513;2131;251;25;2;213;21;2
2519;2131;251;25;2;213;21;2
2521;2131;252;25;2;213;21;2
2522;2131;252;25;2;213;21;2
2523;2131;252;25;2;213;21;2
2513;2132;251;25;2;213;21;2
2514;2132;251;25;2;213;21;2
2519;2132;251;25;2;213;21;2
2513;2139;251;25;2;213;21;2
2519;2139;251;25;2;213;21;2
2529;2139;252;25;2;213;21;2
2161;2141;216;21;2;214;21;2
2162;2141;216;21;2;214;21;2
2164;2141;216;21;2;214;21;2
2142;2142;214;21;2;214;21;2
2151;2143;215;21;2;214;21;2
2152;2144;215;21;2;214;21;2
2153;2144;215;21;2;214;21;2
2144;2145;214;21;2;214;21;2
2145;2146;214;21;2;214;21;2
2146;2147;214;21;2;214;21;2
2165;2148;216;21;2;214;21;2
2141;2149;214;21;2;214;21;2
2143;2149;214;21;2;214;21;2
2149;2149;214;21;2;214;21;2
2131;2211;213;21;2;221;22;2
2133;2211;213;21;2;221;22;2
2131;2212;213;21;2;221;22;2
2212;2212;221;22;2;221;22;2
2250;2212;225;22;2;221;22;2
2132;2213;213;21;2;221;22;2
2211;2221;221;22;2;222;22;2
2212;2221;221;22;2;222;22;2
2261;2222;226;22;2;222;22;2
2250;2223;225;22;2;222;22;2
2262;2224;226;22;2;222;22;2
2263;2229;226;22;2;222;22;2
2269;2229;226;22;2;222;22;2
1342;2230;134;13;1;223;22;2
1343;2230;134;13;1;223;22;2
2221;2230;222;22;2;223;22;2
2222;2230;222;22;2;223;22;2
3221;2230;322;32;3;223;22;2
3222;2230;322;32;3;223;22;2
2310;2310;231;23;2;231;23;2
2320;2310;232;23;2;231;23;2
2320;2320;232;23;2;232;23;2
2330;2320;233;23;2;232;23;2
2341;2331;234;23;2;233;23;2
2342;2332;234;23;2;233;23;2
2352;2340;235;23;2;234;23;2
2351;2351;235;23;2;235;23;2
2351;2352;235;23;2;235;23;2
2353;2359;235;23;2;235;23;2
2354;2359;235;23;2;235;23;2
2355;2359;235;23;2;235;23;2
2356;2359;235;23;2;235;23;2
2359;2359;235;23;2;235;23;2
2411;2411;241;24;2;241;24;2
2412;2411;241;24;2;241;24;2
2263;2412;226;22;2;241;24;2
2423;2412;242;24;2;241;24;2
2424;2412;242;24;2;241;24;2
2412;2419;241;24;2;241;24;2
2413;2419;241;24;2;241;24;2
2421;2419;242;24;2;241;24;2
2422;2419;242;24;2;241;24;2
2431;2419;243;24;2;241;24;2
2432;2419;243;24;2;241;24;2
3339;2419;333;33;3;241;24;2
2611;2421;261;26;2;242;24;2
2612;2422;261;26;2;242;24;2
2619;2429;261;26;2;242;24;2
2621;2431;262;26;2;243;24;2
2622;2432;262;26;2;243;24;2
2631;2441;263;26;2;244;24;2
2632;2442;263;26;2;244;24;2
2633;2443;263;26;2;244;24;2
2643;2444;264;26;2;244;24;2
2634;2445;263;26;2;244;24;2
2635;2446;263;26;2;244;24;2
2431;2451;243;24;2;245;24;2
2432;2451;243;24;2;245;24;2
2641;2451;264;26;2;245;24;2
2642;2451;264;26;2;245;24;2
2651;2452;265;26;2;245;24;2
2652;2453;265;26;2;245;24;2
2653;2454;265;26;2;245;24;2
2654;2455;265;26;2;245;24;2
2655;2455;265;26;2;245;24;2
2636;2460;263;26;2;246;24;2
3111;3111;311;31;3;311;31;3
3112;3112;311;31;3;311;31;3
3113;3113;311;31;3;311;31;3
3114;3114;311;31;3;311;31;3
3522;3114;352;35;3;311;31;3
3115;3115;311;31;3;311;31;3
3116;3116;311;31;3;311;31;3
3117;3117;311;31;3;311;31;3
3118;3118;311;31;3;311;31;3
3119;3119;311;31;3;311;31;3
3512;3121;351;35;3;312;31;3
3513;3121;351;35;3;312;31;3
3514;3121;351;35;3;312;31;3
3511;3122;351;35;3;312;31;3
3514;3122;351;35;3;312;31;3
3139;3123;313;31;3;312;31;3
3431;3131;343;34;3;313;31;3
3521;3131;352;35;3;313;31;3
3521;3132;352;35;3;313;31;3
3522;3132;352;35;3;313;31;3
3211;3133;321;32;3;313;31;3
3151;3141;315;31;3;314;31;3
3152;3142;315;31;3;314;31;3
3153;3143;315;31;3;314;31;3
3154;3144;315;31;3;314;31;3
3155;3145;315;31;3;314;31;3
3112;3151;311;31;3;315;31;3
3359;3151;335;33;3;315;31;3
2263;3152;226;22;2;315;31;3
3113;3152;311;31;3;315;31;3
3114;3152;311;31;3;315;31;3
3115;3152;311;31;3;315;31;3
3117;3152;311;31;3;315;31;3
3257;3152;325;32;3;315;31;3
7543;3152;754;75;7;315;31;3
3141;3211;314;31;3;321;32;3
3212;3211;321;32;3;321;32;3
3142;3212;314;31;3;321;32;3
3143;3212;314;31;3;321;32;3
2132;3213;213;21;2;321;32;3
2240;3221;224;22;2;322;32;3
3253;3221;325;32;3;322;32;3
3256;3221;325;32;3;322;32;3
2263;3222;226;22;2;322;32;3
3257;3222;325;32;3;322;32;3
2265;3223;226;22;2;322;32;3
2267;3224;226;22;2;322;32;3
3254;3224;325;32;3;322;32;3
3251;3225;325;32;3;322;32;3
2264;3226;226;22;2;322;32;3
2269;3226;226;22;2;322;32;3
3255;3226;325;32;3;322;32;3
3259;3226;325;32;3;322;32;3
3240;3227;324;32;3;322;32;3
3213;3228;321;32;3;322;32;3
2230;3229;223;22;2;322;32;3
2266;3229;226;22;2;322;32;3
2267;3229;226;22;2;322;32;3
2269;3229;226;22;2;322;32;3
3259;3229;325;32;3;322;32;3
3221;3231;322;32;3;323;32;3
3222;3232;322;32;3;323;32;3
2230;3241;223;22;2;324;32;3
3230;3241;323;32;3;324;32;3
3413;3242;341;34;3;324;32;3
2341;3310;234;23;2;331;33;3
2342;3320;234;23;2;332;33;3
2352;3330;235;23;2;333;33;3
2353;3340;235;23;2;334;33;3
2355;3340;235;23;2;334;33;3
2356;3340;235;23;2;334;33;3
2359;3340;235;23;2;334;33;3
3153;3340;315;31;3;334;33;3
3423;3340;342;34;3;334;33;3
3435;3340;343;34;3;334;33;3
5165;3340;516;51;5;334;33;3
2412;3411;241;24;2;341;34;3
3311;3411;331;33;3;341;34;3
3321;3412;332;33;3;341;34;3
3334;3413;333;33;3;341;34;3
4221;3414;422;42;4;341;34;3
2433;3415;243;24;2;341;34;3
2434;3415;243;24;2;341;34;3
3322;3415;332;33;3;341;34;3
3323;3416;332;33;3;341;34;3
3315;3417;331;33;3;341;34;3
3339;3417;333;33;3;341;34;3
3312;3419;331;33;3;341;34;3
3324;3421;332;33;3;342;34;3
3331;3422;333;33;3;342;34;3
3333;3423;333;33;3;342;34;3
3339;3429;333;33;3;342;34;3
3341;3431;334;33;3;343;34;3
3342;3431;334;33;3;343;34;3
3343;3431;334;33;3;343;34;3
3344;3431;334;33;3;343;34;3
3411;3432;341;34;3;343;34;3
3313;3433;331;33;3;343;34;3
3313;3434;331;33;3;343;34;3
3314;3434;331;33;3;343;34;3
3332;3439;333;33;3;343;34;3
3343;3439;334;33;3;343;34;3
3359;3439;335;33;3;343;34;3
3433;3439;343;34;3;343;34;3
3351;3441;335;33;3;344;34;3
3352;3442;335;33;3;344;34;3
3353;3443;335;33;3;344;34;3
3354;3444;335;33;3;344;34;3
3359;3449;335;33;3;344;34;3
3355;3450;335;33;3;345;34;3
3411;3450;341;34;3;345;34;3
3412;3460;341;34;3;346;34;3
2163;3471;216;21;2;347;34;3
2166;3471;216;21;2;347;34;3
3432;3471;343;34;3;347;34;3
3433;3471;343;34;3;347;34;3
3435;3471;343;34;3;347;34;3
2642;3472;264;26;2;347;34;3
2656;3472;265;26;2;347;34;3
2652;3473;265;26;2;347;34;3
2653;3473;265;26;2;347;34;3
2659;3474;265;26;2;347;34;3
3421;3475;342;34;3;347;34;3
3422;3475;342;34;3;347;34;3
3423;3475;342;34;3;347;34;3
3413;3480;341;34;3;348;34;3
3341;4111;334;33;3;411;41;4
4131;4111;413;41;4;411;41;4
3341;4112;334;33;3;411;41;4
4131;4112;413;41;4;411;41;4
4132;4113;413;41;4;411;41;4
3341;4114;334;33;3;411;41;4
4132;4114;413;41;4;411;41;4
3341;4115;334;33;3;411;41;4
3342;4115;334;33;3;411;41;4
3344;4115;334;33;3;411;41;4
4120;4115;412;41;4;411;41;4
3341;4121;334;33;3;412;41;4
4311;4121;431;43;4;412;41;4
4313;4121;431;43;4;412;41;4
3341;4122;334;33;3;412;41;4
4312;4122;431;43;4;412;41;4
3341;4131;334;33;3;413;41;4
4321;4131;432;43;4;413;41;4
3341;4132;334;33;3;413;41;4
4322;4132;432;43;4;413;41;4
3341;4133;334;33;3;413;41;4
4323;4133;432;43;4;413;41;4
3341;4141;334;33;3;414;41;4
4411;4141;441;44;4;414;41;4
4415;4141;441;44;4;414;41;4
3341;4142;334;33;3;414;41;4
4412;4142;441;44;4;414;41;4
3252;4143;325;32;3;414;41;4
3341;4143;334;33;3;414;41;4
4413;4143;441;44;4;414;41;4
3341;4144;334;33;3;414;41;4
4414;4144;441;44;4;414;41;4
3341;4190;334;33;3;419;41;4
4110;4190;411;41;4;419;41;4
4227;4190;422;42;4;419;41;4
4416;4190;441;44;4;419;41;4
4419;4190;441;44;4;419;41;4
4211;4211;421;42;4;421;42;4
4212;4211;421;42;4;421;42;4
5230;4211;523;52;5;421;42;4
4211;4212;421;42;4;421;42;4
4212;4213;421;42;4;421;42;4
4213;4214;421;42;4;421;42;4
4214;4215;421;42;4;421;42;4
4221;4221;422;42;4;422;42;4
3341;4222;334;33;3;422;42;4
4222;4222;422;42;4;422;42;4
4224;4222;422;42;4;422;42;4
4225;4222;422;42;4;422;42;4
4226;4222;422;42;4;422;42;4
4229;4222;422;42;4;422;42;4
3341;4223;334;33;3;422;42;4
4223;4223;422;42;4;422;42;4
5111;5111;511;51;5;511;51;5
5112;5112;511;51;5;511;51;5
5113;5113;511;51;5;511;51;5
5151;5121;515;51;5;512;51;5
5152;5121;515;51;5;512;51;5
3434;5122;343;34;3;512;51;5
5120;5122;512;51;5;512;51;5
9411;5122;941;94;9;512;51;5
5131;5123;513;51;5;512;51;5
5132;5123;513;51;5;512;51;5
5311;5131;531;53;5;513;51;5
5312;5131;531;53;5;513;51;5
3258;5132;325;32;3;513;51;5
5321;5132;532;53;5;513;51;5
5329;5132;532;53;5;513;51;5
5322;5133;532;53;5;513;51;5
5164;5139;516;51;5;513;51;5
5329;5139;532;53;5;513;51;5
5141;5141;514;51;5;514;51;5
5142;5141;514;51;5;514;51;5
5162;5142;516;51;5;514;51;5
5163;5143;516;51;5;514;51;5
5169;5149;516;51;5;514;51;5
5161;5151;516;51;5;515;51;5
5161;5152;516;51;5;515;51;5
5411;5161;541;54;5;516;51;5
5412;5162;541;54;5;516;51;5
5413;5163;541;54;5;516;51;5
5414;5169;541;54;5;516;51;5
5419;5169;541;54;5;516;51;5
5241;5210;524;52;5;521;52;5
5222;5220;522;52;5;522;52;5
5223;5220;522;52;5;522;52;5
5242;5220;524;52;5;522;52;5
5245;5220;524;52;5;522;52;5
5246;5220;524;52;5;522;52;5
5249;5220;524;52;5;522;52;5
5211;5230;521;52;5;523;52;5
5246;5230;524;52;5;523;52;5
6111;6111;611;61;6;611;61;6
6112;6112;611;61;6;611;61;6
6113;6113;611;61;6;611;61;6
9214;6113;921;92;9;611;61;6
6114;6114;611;61;6;611;61;6
6121;6121;612;61;6;612;61;6
6122;6122;612;61;6;612;61;6
6123;6123;612;61;6;612;61;6
6121;6124;612;61;6;612;61;6
6122;6124;612;61;6;612;61;6
6123;6124;612;61;6;612;61;6
5164;6129;516;51;5;612;61;6
6129;6129;612;61;6;612;61;6
6130;6130;613;61;6;613;61;6
6210;6141;621;62;6;614;61;6
6210;6142;621;62;6;614;61;6
6221;6151;622;62;6;615;61;6
6222;6152;622;62;6;615;61;6
7541;6152;754;75;7;615;61;6
6223;6153;622;62;6;615;61;6
6224;6154;622;62;6;615;61;6
6310;6210;631;63;6;621;62;6
6320;6210;632;63;6;621;62;6
6330;6210;633;63;6;621;62;6
6340;6210;634;63;6;621;62;6
3121;7111;312;31;3;711;71;7
8111;7111;811;81;8;711;71;7
7542;7112;754;75;7;711;71;7
7113;7113;711;71;7;711;71;7
7111;7121;711;71;7;712;71;7
7112;7122;711;71;7;712;71;7
7113;7122;711;71;7;712;71;7
7114;7123;711;71;7;712;71;7
7115;7124;711;71;7;712;71;7
3123;7129;312;31;3;712;71;7
7111;7129;711;71;7;712;71;7
7119;7129;711;71;7;712;71;7
7121;7131;712;71;7;713;71;7
7122;7132;712;71;7;713;71;7
7123;7133;712;71;7;713;71;7
7124;7134;712;71;7;713;71;7
7125;7135;712;71;7;713;71;7
7126;7136;712;71;7;713;71;7
7411;7137;741;74;7;713;71;7
7131;7141;713;71;7;714;71;7
7132;7142;713;71;7;714;71;7
7133;7143;713;71;7;714;71;7
7544;7143;754;75;7;714;71;7
7211;7211;721;72;7;721;72;7
7212;7212;721;72;7;721;72;7
7213;7213;721;72;7;721;72;7
7214;7214;721;72;7;721;72;7
7215;7215;721;72;7;721;72;7
7541;7216;754;75;7;721;72;7
7221;7221;722;72;7;722;72;7
7222;7222;722;72;7;722;72;7
7223;7223;722;72;7;722;72;7
7224;7224;722;72;7;722;72;7
7231;7231;723;72;7;723;72;7
7234;7231;723;72;7;723;72;7
7232;7232;723;72;7;723;72;7
7127;7233;712;71;7;723;72;7
7233;7233;723;72;7;723;72;7
7412;7241;741;74;7;724;72;7
7421;7242;742;74;7;724;72;7
7422;7242;742;74;7;724;72;7
7421;7243;742;74;7;724;72;7
7422;7243;742;74;7;724;72;7
7422;7244;742;74;7;724;72;7
7413;7245;741;74;7;724;72;7
7422;7245;742;74;7;724;72;7
3214;7311;321;32;3;731;73;7
7311;7311;731;73;7;731;73;7
7312;7312;731;73;7;731;73;7
7313;7313;731;73;7;731;73;7
7314;7321;731;73;7;732;73;7
7315;7322;731;73;7;732;73;7
7549;7322;754;75;7;732;73;7
7316;7323;731;73;7;732;73;7
7316;7324;731;73;7;732;73;7
7317;7331;731;73;7;733;73;7
7319;7331;731;73;7;733;73;7
7318;7332;731;73;7;733;73;7
7321;7341;732;73;7;734;73;7
7322;7341;732;73;7;734;73;7
7321;7342;732;73;7;734;73;7
7321;7343;732;73;7;734;73;7
8132;7344;813;81;8;734;73;7
7323;7345;732;73;7;734;73;7
7322;7346;732;73;7;734;73;7
7511;7411;751;75;7;741;74;7
7512;7412;751;75;7;741;74;7
7513;7413;751;75;7;741;74;7
7514;7414;751;75;7;741;74;7
7515;7415;751;75;7;741;74;7
7516;7416;751;75;7;741;74;7
7521;7421;752;75;7;742;74;7
7522;7422;752;75;7;742;74;7
7523;7423;752;75;7;742;74;7
7317;7424;731;73;7;742;74;7
7318;7431;731;73;7;743;74;7
7318;7432;731;73;7;743;74;7
8152;7432;815;81;8;743;74;7
7531;7433;753;75;7;743;74;7
7531;7434;753;75;7;743;74;7
7532;7435;753;75;7;743;74;7
7533;7436;753;75;7;743;74;7
7534;7437;753;75;7;743;74;7
7535;7441;753;75;7;744;74;7
7536;7442;753;75;7;744;74;7
3121;8111;312;31;3;811;81;8
8111;8111;811;81;8;811;81;8
8112;8112;811;81;8;811;81;8
8113;8113;811;81;8;811;81;8
3135;8121;313;31;3;812;81;8
8121;8121;812;81;8;812;81;8
3135;8122;313;31;3;812;81;8
8121;8122;812;81;8;812;81;8
3135;8123;313;31;3;812;81;8
8121;8123;812;81;8;812;81;8
3135;8124;313;31;3;812;81;8
8121;8124;812;81;8;812;81;8
8181;8131;818;81;8;813;81;8
8181;8139;818;81;8;813;81;8
8172;8141;817;81;8;814;81;8
3139;8142;313;31;3;814;81;8
8171;8142;817;81;8;814;81;8
3139;8143;313;31;3;814;81;8
8171;8143;817;81;8;814;81;8
8131;8151;813;81;8;815;81;8
3133;8152;313;31;3;815;81;8
8131;8152;813;81;8;815;81;8
3133;8153;313;31;3;815;81;8
8131;8153;813;81;8;815;81;8
3133;8154;313;31;3;815;81;8
8131;8154;813;81;8;815;81;8
3134;8155;313;31;3;815;81;8
8131;8155;813;81;8;815;81;8
3133;8159;313;31;3;815;81;8
8131;8159;813;81;8;815;81;8
3131;8161;313;31;3;816;81;8
8182;8162;818;81;8;816;81;8
3132;8163;313;31;3;816;81;8
3122;8171;312;31;3;817;81;8
3139;8171;313;31;3;817;81;8
3122;8172;312;31;3;817;81;8
3139;8172;313;31;3;817;81;8
3122;8211;312;31;3;821;82;8
7223;8211;722;72;7;821;82;8
8114;8212;811;81;8;821;82;8
3122;8221;312;31;3;822;82;8
8131;8221;813;81;8;822;82;8
3122;8222;312;31;3;822;82;8
8131;8222;813;81;8;822;82;8
3122;8223;312;31;3;822;82;8
8122;8223;812;81;8;822;82;8
3122;8224;312;31;3;822;82;8
8132;8224;813;81;8;822;82;8
3122;8229;312;31;3;822;82;8
8131;8229;813;81;8;822;82;8
3122;8231;312;31;3;823;82;8
8141;8231;814;81;8;823;82;8
3122;8232;312;31;3;823;82;8
8142;8232;814;81;8;823;82;8
3122;8240;312;31;3;824;82;8
7523;8240;752;75;7;824;82;8
3122;8251;312;31;3;825;82;8
7322;8251;732;73;7;825;82;8
3122;8252;312;31;3;825;82;8
7323;8252;732;73;7;825;82;8
3122;8253;312;31;3;825;82;8
8143;8253;814;81;8;825;82;8
3122;8261;312;31;3;826;82;8
8151;8261;815;81;8;826;82;8
3122;8262;312;31;3;826;82;8
8152;8262;815;81;8;826;82;8
3122;8263;312;31;3;826;82;8
8153;8263;815;81;8;826;82;8
3122;8264;312;31;3;826;82;8
8154;8264;815;81;8;826;82;8
8157;8264;815;81;8;826;82;8
3122;8265;312;31;3;826;82;8
8155;8265;815;81;8;826;82;8
3122;8266;312;31;3;826;82;8
8156;8266;815;81;8;826;82;8
3122;8269;312;31;3;826;82;8
8159;8269;815;81;8;826;82;8
3122;8271;312;31;3;827;82;8
8160;8271;816;81;8;827;82;8
3122;8272;312;31;3;827;82;8
8160;8272;816;81;8;827;82;8
3122;8273;312;31;3;827;82;8
8160;8273;816;81;8;827;82;8
3122;8274;312;31;3;827;82;8
8160;8274;816;81;8;827;82;8
3122;8275;312;31;3;827;82;8
8160;8275;816;81;8;827;82;8
3122;8276;312;31;3;827;82;8
8160;8276;816;81;8;827;82;8
3122;8277;312;31;3;827;82;8
8160;8277;816;81;8;827;82;8
3122;8278;312;31;3;827;82;8
8160;8278;816;81;8;827;82;8
3122;8279;312;31;3;827;82;8
8160;8279;816;81;8;827;82;8
3122;8281;312;31;3;828;82;8
8211;8281;821;82;8;828;82;8
3122;8282;312;31;3;828;82;8
8212;8282;821;82;8;828;82;8
3122;8283;312;31;3;828;82;8
8212;8283;821;82;8;828;82;8
3122;8284;312;31;3;828;82;8
8219;8284;821;82;8;828;82;8
3122;8285;312;31;3;828;82;8
8219;8285;821;82;8;828;82;8
3122;8286;312;31;3;828;82;8
8219;8286;821;82;8;828;82;8
3122;8290;312;31;3;829;82;8
8183;8290;818;81;8;829;82;8
8189;8290;818;81;8;829;82;8
8219;8290;821;82;8;829;82;8
8311;8311;831;83;8;831;83;8
8312;8312;831;83;8;831;83;8
8321;8321;832;83;8;832;83;8
8322;8322;832;83;8;832;83;8
8331;8323;833;83;8;832;83;8
8332;8324;833;83;8;832;83;8
8341;8331;834;83;8;833;83;8
8342;8332;834;83;8;833;83;8
8343;8333;834;83;8;833;83;8
8344;8334;834;83;8;833;83;8
8350;8340;835;83;8;834;83;8
5212;9111;521;52;5;911;91;9
9520;9112;952;95;9;911;91;9
5243;9113;524;52;5;911;91;9
5244;9113;524;52;5;911;91;9
9510;9120;951;95;9;912;91;9
9111;9131;911;91;9;913;91;9
9112;9132;911;91;9;913;91;9
9412;9132;941;94;9;913;91;9
9121;9133;912;91;9;913;91;9
5153;9141;515;51;5;914;91;9
9122;9142;912;91;9;914;91;9
9123;9142;912;91;9;914;91;9
9129;9142;912;91;9;914;91;9
9621;9151;962;96;9;915;91;9
5414;9152;541;54;5;915;91;9
9621;9152;962;96;9;915;91;9
9629;9152;962;96;9;915;91;9
9623;9153;962;96;9;915;91;9
9611;9161;961;96;9;916;91;9
9612;9161;961;96;9;916;91;9
9613;9162;961;96;9;916;91;9
9622;9162;962;96;9;916;91;9
9624;9162;962;96;9;916;91;9
9211;9211;921;92;9;921;92;9
9212;9211;921;92;9;921;92;9
9213;9211;921;92;9;921;92;9
9214;9211;921;92;9;921;92;9
9215;9212;921;92;9;921;92;9
9216;9213;921;92;9;921;92;9
9311;9311;931;93;9;931;93;9
9312;9312;931;93;9;931;93;9
9313;9313;931;93;9;931;93;9
9329;9321;932;93;9;932;93;9
9612;9321;961;96;9;932;93;9
9321;9322;932;93;9;932;93;9
9329;9322;932;93;9;932;93;9
9331;9331;933;93;9;933;93;9
9332;9332;933;93;9;933;93;9
9333;9333;933;93;9;933;93;9
9334;9333;933;93;9;933;93;9
