isic_rev31_4dig;isic_rev4_4dig;isic_rev31_secdig;isic_rev31_2dig;isic_rev31_3dig;isic_rev4_secdig;isic_rev4_2dig;isic_rev4_3dig
111;111;"A";1;11;"A";1;11
111;112;"A";1;11;"A";1;11
111;113;"A";1;11;"A";1;11
111;114;"A";1;11;"A";1;11
111;115;"A";1;11;"A";1;11
111;116;"A";1;11;"A";1;11
111;119;"A";1;11;"A";1;11
111;126;"A";1;11;"A";1;12
111;128;"A";1;11;"A";1;12
111;129;"A";1;11;"A";1;12
111;163;"A";1;11;"A";1;16
112;113;"A";1;11;"A";1;11
112;119;"A";1;11;"A";1;11
112;125;"A";1;11;"A";1;12
112;128;"A";1;11;"A";1;12
112;129;"A";1;11;"A";1;12
112;130;"A";1;11;"A";1;13
112;230;"A";1;11;"A";2;23
113;121;"A";1;11;"A";1;12
113;122;"A";1;11;"A";1;12
113;123;"A";1;11;"A";1;12
113;124;"A";1;11;"A";1;12
113;125;"A";1;11;"A";1;12
113;126;"A";1;11;"A";1;12
113;127;"A";1;11;"A";1;12
113;128;"A";1;11;"A";1;12
113;230;"A";1;11;"A";2;23
113;1102;"A";1;11;"C";11;110
121;141;"A";1;12;"A";1;14
121;142;"A";1;12;"A";1;14
121;144;"A";1;12;"A";1;14
122;143;"A";1;12;"A";1;14
122;145;"A";1;12;"A";1;14
122;146;"A";1;12;"A";1;14
122;149;"A";1;12;"A";1;14
122;321;"A";1;12;"A";3;32
122;322;"A";1;12;"A";3;32
130;150;"A";1;13;"A";1;15
140;161;"A";1;14;"A";1;16
140;162;"A";1;14;"A";1;16
140;163;"A";1;14;"A";1;16
140;164;"A";1;14;"A";1;16
140;8130;"A";1;14;"N";81;813
150;170;"A";1;15;"A";1;17
150;9499;"A";1;15;"S";94;949
200;129;"A";2;20;"A";1;12
200;130;"A";2;20;"A";1;13
200;210;"A";2;20;"A";2;21
200;220;"A";2;20;"A";2;22
200;230;"A";2;20;"A";2;23
200;240;"A";2;20;"A";2;24
501;311;"B";5;50;"A";3;31
501;312;"B";5;50;"A";3;31
502;321;"B";5;50;"A";3;32
502;322;"B";5;50;"A";3;32
1010;510;"C";10;101;"B";5;51
1010;990;"C";10;101;"B";9;99
1010;1920;"C";10;101;"C";19;192
1020;520;"C";10;102;"B";5;52
1020;990;"C";10;102;"B";9;99
1020;1920;"C";10;102;"C";19;192
1030;892;"C";10;103;"B";8;89
1030;990;"C";10;103;"B";9;99
1110;610;"C";11;111;"B";6;61
1110;620;"C";11;111;"B";6;62
1110;910;"C";11;111;"B";9;91
1120;910;"C";11;112;"B";9;91
1200;721;"C";12;120;"B";7;72
1200;990;"C";12;120;"B";9;99
1310;710;"C";13;131;"B";7;71
1310;990;"C";13;131;"B";9;99
1320;729;"C";13;132;"B";7;72
1320;990;"C";13;132;"B";9;99
1410;810;"C";14;141;"B";8;81
1410;990;"C";14;141;"B";9;99
1421;891;"C";14;142;"B";8;89
1421;990;"C";14;142;"B";9;99
1422;893;"C";14;142;"B";8;89
1422;990;"C";14;142;"B";9;99
1429;810;"C";14;142;"B";8;81
1429;899;"C";14;142;"B";8;89
1429;990;"C";14;142;"B";9;99
1511;1010;"D";15;151;"C";10;101
1512;1020;"D";15;151;"C";10;102
1512;1075;"D";15;151;"C";10;107
1513;1030;"D";15;151;"C";10;103
1513;1075;"D";15;151;"C";10;107
1514;1040;"D";15;151;"C";10;104
1520;1050;"D";15;152;"C";10;105
1531;1061;"D";15;153;"C";10;106
1532;1062;"D";15;153;"C";10;106
1533;1080;"D";15;153;"C";10;108
1541;1071;"D";15;154;"C";10;107
1542;1072;"D";15;154;"C";10;107
1543;1073;"D";15;154;"C";10;107
1544;1074;"D";15;154;"C";10;107
1544;1075;"D";15;154;"C";10;107
1549;1030;"D";15;154;"C";10;103
1549;1071;"D";15;154;"C";10;107
1549;1075;"D";15;154;"C";10;107
1549;1079;"D";15;154;"C";10;107
1549;3530;"D";15;154;"D";35;353
1551;1101;"D";15;155;"C";11;110
1551;2011;"D";15;155;"C";20;201
1552;1102;"D";15;155;"C";11;110
1553;1103;"D";15;155;"C";11;110
1554;1104;"D";15;155;"C";11;110
1600;1200;"D";16;160;"C";12;120
1711;1311;"D";17;171;"C";13;131
1711;1312;"D";17;171;"C";13;131
1712;1313;"D";17;171;"C";13;131
1721;1392;"D";17;172;"C";13;139
1721;3250;"D";17;172;"C";32;325
1721;3319;"D";17;172;"C";33;331
1722;1393;"D";17;172;"C";13;139
1723;1394;"D";17;172;"C";13;139
1723;3319;"D";17;172;"C";33;331
1729;1313;"D";17;172;"C";13;131
1729;1399;"D";17;172;"C";13;139
1729;1709;"D";17;172;"C";17;170
1730;1391;"D";17;173;"C";13;139
1730;1430;"D";17;173;"C";14;143
1810;1313;"D";18;181;"C";13;131
1810;1410;"D";18;181;"C";14;141
1810;3290;"D";18;181;"C";32;329
1820;1420;"D";18;182;"C";14;142
1820;1511;"D";18;182;"C";15;151
1911;1511;"D";19;191;"C";15;151
1912;1512;"D";19;191;"C";15;151
1912;3290;"D";19;191;"C";32;329
1920;1512;"D";19;192;"C";15;151
1920;1520;"D";19;192;"C";15;152
1920;1629;"D";19;192;"C";16;162
1920;2219;"D";19;192;"C";22;221
1920;2220;"D";19;192;"C";22;222
1920;3230;"D";19;192;"C";32;323
2010;1610;"D";20;201;"C";16;161
2021;1621;"D";20;202;"C";16;162
2022;1622;"D";20;202;"C";16;162
2023;1623;"D";20;202;"C";16;162
2023;3319;"D";20;202;"C";33;331
2029;1629;"D";20;202;"C";16;162
2029;3290;"D";20;202;"C";32;329
2029;3319;"D";20;202;"C";33;331
2101;1701;"D";21;210;"C";17;170
2102;1702;"D";21;210;"C";17;170
2109;1709;"D";21;210;"C";17;170
2109;1811;"D";21;210;"C";18;181
2109;2220;"D";21;210;"C";22;222
2211;3290;"D";22;221;"C";32;329
2211;5811;"D";22;221;"J";58;581
2211;5812;"D";22;221;"J";58;581
2212;5813;"D";22;221;"J";58;581
2213;5920;"D";22;221;"J";59;592
2219;5813;"D";22;221;"J";58;581
2219;5819;"D";22;221;"J";58;581
2221;1709;"D";22;222;"C";17;170
2221;1811;"D";22;222;"C";18;181
2222;1812;"D";22;222;"C";18;181
2230;1820;"D";22;223;"C";18;182
2310;1910;"D";23;231;"C";19;191
2320;1920;"D";23;232;"C";19;192
2330;2011;"D";23;233;"C";20;201
2330;2100;"D";23;233;"C";21;210
2330;2420;"D";23;233;"C";24;242
2330;3812;"D";23;233;"E";38;381
2330;3822;"D";23;233;"E";38;382
2411;1910;"D";24;241;"C";19;191
2411;2011;"D";24;241;"C";20;201
2412;2012;"D";24;241;"C";20;201
2412;3821;"D";24;241;"E";38;382
2413;2013;"D";24;241;"C";20;201
2421;2021;"D";24;242;"C";20;202
2422;2022;"D";24;242;"C";20;202
2423;2100;"D";24;242;"C";21;210
2423;3250;"D";24;242;"C";32;325
2424;2023;"D";24;242;"C";20;202
2429;1079;"D";24;242;"C";10;107
2429;2011;"D";24;242;"C";20;201
2429;2029;"D";24;242;"C";20;202
2429;2610;"D";24;242;"C";26;261
2429;2680;"D";24;242;"C";26;268
2429;2817;"D";24;242;"C";28;281
2430;2030;"D";24;243;"C";20;203
2511;2211;"D";25;251;"C";22;221
2519;2219;"D";25;251;"C";22;221
2519;2220;"D";25;251;"C";22;222
2519;2812;"D";25;251;"C";28;281
2519;3290;"D";25;251;"C";32;329
2519;3319;"D";25;251;"C";33;331
2520;2220;"D";25;252;"C";22;222
2520;2610;"D";25;252;"C";26;261
2520;2733;"D";25;252;"C";27;273
2520;3290;"D";25;252;"C";32;329
2520;3314;"D";25;252;"C";33;331
2520;3319;"D";25;252;"C";33;331
2610;2310;"D";26;261;"C";23;231
2610;3319;"D";26;261;"C";33;331
2691;2392;"D";26;269;"C";23;239
2691;2393;"D";26;269;"C";23;239
2692;2391;"D";26;269;"C";23;239
2693;2392;"D";26;269;"C";23;239
2694;2394;"D";26;269;"C";23;239
2695;2395;"D";26;269;"C";23;239
2696;2396;"D";26;269;"C";23;239
2699;1312;"D";26;269;"C";13;131
2699;2399;"D";26;269;"C";23;239
2699;3290;"D";26;269;"C";32;329
2699;3319;"D";26;269;"C";33;331
2710;2410;"D";27;271;"C";24;241
2710;2431;"D";27;271;"C";24;243
2720;2420;"D";27;272;"C";24;242
2731;2431;"D";27;273;"C";24;243
2732;2432;"D";27;273;"C";24;243
2811;2511;"D";28;281;"C";25;251
2811;3311;"D";28;281;"C";33;331
2812;2512;"D";28;281;"C";25;251
2812;3311;"D";28;281;"C";33;331
2813;2513;"D";28;281;"C";25;251
2813;3311;"D";28;281;"C";33;331
2813;3320;"D";28;281;"C";33;332
2891;2591;"D";28;289;"C";25;259
2892;162;"D";28;289;"A";1;16
2892;1811;"D";28;289;"C";18;181
2892;2592;"D";28;289;"C";25;259
2892;3311;"D";28;289;"C";33;331
2893;2593;"D";28;289;"C";25;259
2893;3311;"D";28;289;"C";33;331
2899;2599;"D";28;289;"C";25;259
2899;2817;"D";28;289;"C";28;281
2899;3290;"D";28;289;"C";32;329
2899;3311;"D";28;289;"C";33;331
2911;2811;"D";29;291;"C";28;281
2911;3312;"D";29;291;"C";33;331
2911;3320;"D";29;291;"C";33;332
2912;2811;"D";29;291;"C";28;281
2912;2812;"D";29;291;"C";28;281
2912;2813;"D";29;291;"C";28;281
2912;3312;"D";29;291;"C";33;331
2912;3320;"D";29;291;"C";33;332
2913;2812;"D";29;291;"C";28;281
2913;2814;"D";29;291;"C";28;281
2913;3312;"D";29;291;"C";33;331
2914;2815;"D";29;291;"C";28;281
2914;3312;"D";29;291;"C";33;331
2914;3320;"D";29;291;"C";33;332
2915;2816;"D";29;291;"C";28;281
2915;3312;"D";29;291;"C";33;331
2915;3320;"D";29;291;"C";33;332
2919;2819;"D";29;291;"C";28;281
2919;3250;"D";29;291;"C";32;325
2919;3312;"D";29;291;"C";33;331
2919;3320;"D";29;291;"C";33;332
2921;2821;"D";29;292;"C";28;282
2921;3312;"D";29;292;"C";33;331
2921;3320;"D";29;292;"C";33;332
2922;2790;"D";29;292;"C";27;279
2922;2818;"D";29;292;"C";28;281
2922;2819;"D";29;292;"C";28;281
2922;2822;"D";29;292;"C";28;282
2922;3312;"D";29;292;"C";33;331
2922;3314;"D";29;292;"C";33;331
2922;3320;"D";29;292;"C";33;332
2923;2823;"D";29;292;"C";28;282
2923;3312;"D";29;292;"C";33;331
2923;3320;"D";29;292;"C";33;332
2924;2824;"D";29;292;"C";28;282
2924;3312;"D";29;292;"C";33;331
2924;3320;"D";29;292;"C";33;332
2925;2825;"D";29;292;"C";28;282
2925;3312;"D";29;292;"C";33;331
2925;3320;"D";29;292;"C";33;332
2926;2826;"D";29;292;"C";28;282
2926;3312;"D";29;292;"C";33;331
2926;3320;"D";29;292;"C";33;332
2927;2520;"D";29;292;"C";25;252
2927;3030;"D";29;292;"C";30;303
2927;3040;"D";29;292;"C";30;304
2927;3311;"D";29;292;"C";33;331
2929;2593;"D";29;292;"C";25;259
2929;2790;"D";29;292;"C";27;279
2929;2826;"D";29;292;"C";28;282
2929;2829;"D";29;292;"C";28;282
2929;3311;"D";29;292;"C";33;331
2929;3312;"D";29;292;"C";33;331
2929;3314;"D";29;292;"C";33;331
2929;3320;"D";29;292;"C";33;332
2930;2750;"D";29;293;"C";27;275
2930;2815;"D";29;293;"C";28;281
2930;2819;"D";29;293;"C";28;281
3000;2610;"D";30;300;"C";26;261
3000;2620;"D";30;300;"C";26;262
3000;2817;"D";30;300;"C";28;281
3000;3320;"D";30;300;"C";33;332
3110;2610;"D";31;311;"C";26;261
3110;2710;"D";31;311;"C";27;271
3110;2790;"D";31;311;"C";27;279
3110;2811;"D";31;311;"C";28;281
3110;3312;"D";31;311;"C";33;331
3110;3314;"D";31;311;"C";33;331
3110;3320;"D";31;311;"C";33;332
3120;2610;"D";31;312;"C";26;261
3120;2710;"D";31;312;"C";27;271
3120;2733;"D";31;312;"C";27;273
3120;2790;"D";31;312;"C";27;279
3120;3314;"D";31;312;"C";33;331
3130;2610;"D";31;313;"C";26;261
3130;2731;"D";31;313;"C";27;273
3130;2732;"D";31;313;"C";27;273
3130;2790;"D";31;313;"C";27;279
3130;3314;"D";31;313;"C";33;331
3140;2720;"D";31;314;"C";27;272
3140;3314;"D";31;314;"C";33;331
3150;2740;"D";31;315;"C";27;274
3150;2790;"D";31;315;"C";27;279
3150;3314;"D";31;315;"C";33;331
3190;2599;"D";31;319;"C";25;259
3190;2630;"D";31;319;"C";26;263
3190;2651;"D";31;319;"C";26;265
3190;2733;"D";31;319;"C";27;273
3190;2740;"D";31;319;"C";27;274
3190;2790;"D";31;319;"C";27;279
3190;2822;"D";31;319;"C";28;282
3190;2930;"D";31;319;"C";29;293
3190;3020;"D";31;319;"C";30;302
3190;3313;"D";31;319;"C";33;331
3190;3314;"D";31;319;"C";33;331
3210;2610;"D";32;321;"C";26;261
3210;2790;"D";32;321;"C";27;279
3210;3314;"D";32;321;"C";33;331
3220;2630;"D";32;322;"C";26;263
3220;2651;"D";32;322;"C";26;265
3220;3313;"D";32;322;"C";33;331
3220;3320;"D";32;322;"C";33;332
3220;9512;"D";32;322;"S";95;951
3230;2610;"D";32;323;"C";26;261
3230;2630;"D";32;323;"C";26;263
3230;2640;"D";32;323;"C";26;264
3230;2670;"D";32;323;"C";26;267
3230;2817;"D";32;323;"C";28;281
3230;3312;"D";32;323;"C";33;331
3230;3313;"D";32;323;"C";33;331
3230;9521;"D";32;323;"S";95;952
3311;2660;"D";33;331;"C";26;266
3311;3250;"D";33;331;"C";32;325
3311;3290;"D";33;331;"C";32;329
3311;3313;"D";33;331;"C";33;331
3311;3319;"D";33;331;"C";33;331
3311;3320;"D";33;331;"C";33;332
3312;2651;"D";33;331;"C";26;265
3312;2670;"D";33;331;"C";26;267
3312;2819;"D";33;331;"C";28;281
3312;2829;"D";33;331;"C";28;282
3312;3250;"D";33;331;"C";32;325
3312;3313;"D";33;331;"C";33;331
3312;3319;"D";33;331;"C";33;331
3313;2651;"D";33;331;"C";26;265
3313;3313;"D";33;331;"C";33;331
3313;3320;"D";33;331;"C";33;332
3320;2670;"D";33;332;"C";26;267
3320;2731;"D";33;332;"C";27;273
3320;2829;"D";33;332;"C";28;282
3320;3250;"D";33;332;"C";32;325
3320;3313;"D";33;332;"C";33;331
3330;2652;"D";33;333;"C";26;265
3330;3211;"D";33;333;"C";32;321
3330;3212;"D";33;333;"C";32;321
3330;3319;"D";33;333;"C";33;331
3410;2910;"D";34;341;"C";29;291
3420;2920;"D";34;342;"C";29;292
3420;3311;"D";34;342;"C";33;331
3430;1392;"D";34;343;"C";13;139
3430;2811;"D";34;343;"C";28;281
3430;2930;"D";34;343;"C";29;293
3511;3011;"D";35;351;"C";30;301
3511;3315;"D";35;351;"C";33;331
3512;3012;"D";35;351;"C";30;301
3512;3315;"D";35;351;"C";33;331
3520;3020;"D";35;352;"C";30;302
3520;3315;"D";35;352;"C";33;331
3530;2811;"D";35;353;"C";28;281
3530;2829;"D";35;353;"C";28;282
3530;3030;"D";35;353;"C";30;303
3530;3315;"D";35;353;"C";33;331
3591;2811;"D";35;359;"C";28;281
3591;3091;"D";35;359;"C";30;309
3592;3092;"D";35;359;"C";30;309
3599;2816;"D";35;359;"C";28;281
3599;3099;"D";35;359;"C";30;309
3599;3100;"D";35;359;"C";31;310
3599;3312;"D";35;359;"C";33;331
3599;3315;"D";35;359;"C";33;331
3610;2219;"D";36;361;"C";22;221
3610;2220;"D";36;361;"C";22;222
3610;2817;"D";36;361;"C";28;281
3610;2930;"D";36;361;"C";29;293
3610;3011;"D";36;361;"C";30;301
3610;3020;"D";36;361;"C";30;302
3610;3030;"D";36;361;"C";30;303
3610;3100;"D";36;361;"C";31;310
3610;9524;"D";36;361;"S";95;952
3691;3211;"D";36;369;"C";32;321
3692;3220;"D";36;369;"C";32;322
3692;3319;"D";36;369;"C";33;331
3693;3230;"D";36;369;"C";32;323
3693;3290;"D";36;369;"C";32;329
3694;2640;"D";36;369;"C";26;264
3694;2829;"D";36;369;"C";28;282
3694;3240;"D";36;369;"C";32;324
3694;3312;"D";36;369;"C";33;331
3694;3319;"D";36;369;"C";33;331
3699;1399;"D";36;369;"C";13;139
3699;1512;"D";36;369;"C";15;151
3699;1629;"D";36;369;"C";16;162
3699;1709;"D";36;369;"C";17;170
3699;2029;"D";36;369;"C";20;202
3699;2219;"D";36;369;"C";22;221
3699;2220;"D";36;369;"C";22;222
3699;2599;"D";36;369;"C";25;259
3699;2829;"D";36;369;"C";28;282
3699;3092;"D";36;369;"C";30;309
3699;3212;"D";36;369;"C";32;321
3699;3290;"D";36;369;"C";32;329
3699;3312;"D";36;369;"C";33;331
3710;3830;"D";37;371;"E";38;383
3720;3830;"D";37;372;"E";38;383
4010;3510;"E";40;401;"D";35;351
4020;3520;"E";40;402;"D";35;352
4030;3530;"E";40;403;"D";35;353
4100;3600;"E";41;410;"E";36;360
4510;990;"F";45;451;"B";9;99
4510;3900;"F";45;451;"E";39;390
4510;4311;"F";45;451;"F";43;431
4510;4312;"F";45;451;"F";43;431
4520;4100;"F";45;452;"F";41;410
4520;4210;"F";45;452;"F";42;421
4520;4220;"F";45;452;"F";42;422
4520;4290;"F";45;452;"F";42;429
4520;4390;"F";45;452;"F";43;439
4530;4321;"F";45;453;"F";43;432
4530;4322;"F";45;453;"F";43;432
4530;4329;"F";45;453;"F";43;432
4530;4330;"F";45;453;"F";43;433
4530;4390;"F";45;453;"F";43;439
4540;3320;"F";45;454;"C";33;332
4540;4329;"F";45;454;"F";43;432
4540;4330;"F";45;454;"F";43;433
4540;4390;"F";45;454;"F";43;439
4550;4312;"F";45;455;"F";43;431
4550;4390;"F";45;455;"F";43;439
5010;4510;"G";50;501;"G";45;451
5020;4520;"G";50;502;"G";45;452
5020;5221;"G";50;502;"H";52;522
5030;4530;"G";50;503;"G";45;453
5040;4540;"G";50;504;"G";45;454
5050;4730;"G";50;505;"G";47;473
5110;4610;"G";51;511;"G";46;461
5121;4620;"G";51;512;"G";46;462
5122;4630;"G";51;512;"G";46;463
5131;4641;"G";51;513;"G";46;464
5139;4649;"G";51;513;"G";46;464
5139;4663;"G";51;513;"G";46;466
5141;4661;"G";51;514;"G";46;466
5142;4662;"G";51;514;"G";46;466
5143;4663;"G";51;514;"G";46;466
5149;4669;"G";51;514;"G";46;466
5151;4651;"G";51;515;"G";46;465
5152;4652;"G";51;515;"G";46;465
5159;4653;"G";51;515;"G";46;465
5159;4659;"G";51;515;"G";46;465
5190;4690;"G";51;519;"G";46;469
5211;4711;"G";52;521;"G";47;471
5219;4719;"G";52;521;"G";47;471
5220;4721;"G";52;522;"G";47;472
5220;4722;"G";52;522;"G";47;472
5220;4723;"G";52;522;"G";47;472
5231;4772;"G";52;523;"G";47;477
5232;4751;"G";52;523;"G";47;475
5232;4771;"G";52;523;"G";47;477
5233;4742;"G";52;523;"G";47;474
5233;4753;"G";52;523;"G";47;475
5233;4759;"G";52;523;"G";47;475
5233;4762;"G";52;523;"G";47;476
5234;4752;"G";52;523;"G";47;475
5239;4741;"G";52;523;"G";47;474
5239;4753;"G";52;523;"G";47;475
5239;4761;"G";52;523;"G";47;476
5239;4763;"G";52;523;"G";47;476
5239;4764;"G";52;523;"G";47;476
5239;4773;"G";52;523;"G";47;477
5240;4774;"G";52;524;"G";47;477
5251;4791;"G";52;525;"G";47;479
5252;4781;"G";52;525;"G";47;478
5252;4782;"G";52;525;"G";47;478
5252;4789;"G";52;525;"G";47;478
5259;4791;"G";52;525;"G";47;479
5259;4799;"G";52;525;"G";47;479
5260;3313;"G";52;526;"C";33;331
5260;8020;"G";52;526;"N";80;802
5260;9512;"G";52;526;"S";95;951
5260;9521;"G";52;526;"S";95;952
5260;9522;"G";52;526;"S";95;952
5260;9523;"G";52;526;"S";95;952
5260;9524;"G";52;526;"S";95;952
5260;9529;"G";52;526;"S";95;952
5510;5510;"H";55;551;"I";55;551
5510;5520;"H";55;551;"I";55;552
5510;5590;"H";55;551;"I";55;559
5520;5610;"H";55;552;"I";56;561
5520;5621;"H";55;552;"I";56;562
5520;5629;"H";55;552;"I";56;562
5520;5630;"H";55;552;"I";56;563
6010;4911;"I";60;601;"H";49;491
6010;4912;"I";60;601;"H";49;491
6010;5221;"I";60;601;"H";52;522
6021;4921;"I";60;602;"H";49;492
6021;4922;"I";60;602;"H";49;492
6022;4922;"I";60;602;"H";49;492
6023;4923;"I";60;602;"H";49;492
6030;4930;"I";60;603;"H";49;493
6110;5011;"I";61;611;"H";50;501
6110;5012;"I";61;611;"H";50;501
6120;5021;"I";61;612;"H";50;502
6120;5022;"I";61;612;"H";50;502
6210;5110;"I";62;621;"H";51;511
6210;5120;"I";62;621;"H";51;512
6220;5110;"I";62;622;"H";51;511
6220;5120;"I";62;622;"H";51;512
6301;5224;"I";63;630;"H";52;522
6302;5210;"I";63;630;"H";52;521
6303;3315;"I";63;630;"C";33;331
6303;5221;"I";63;630;"H";52;522
6303;5222;"I";63;630;"H";52;522
6303;5223;"I";63;630;"H";52;522
6304;7911;"I";63;630;"N";79;791
6304;7912;"I";63;630;"N";79;791
6304;7990;"I";63;630;"N";79;799
6309;5229;"I";63;630;"H";52;522
6309;7490;"I";63;630;"M";74;749
6411;5310;"I";64;641;"H";53;531
6411;8219;"I";64;641;"N";82;821
6412;5320;"I";64;641;"H";53;532
6420;6110;"I";64;642;"J";61;611
6420;6120;"I";64;642;"J";61;612
6420;6130;"I";64;642;"J";61;613
6420;6190;"I";64;642;"J";61;619
6511;6411;"J";65;651;"K";64;641
6519;6419;"J";65;651;"K";64;641
6591;6491;"J";65;659;"K";64;649
6592;6492;"J";65;659;"K";64;649
6592;6499;"J";65;659;"K";64;649
6599;6420;"J";65;659;"K";64;642
6599;6430;"J";65;659;"K";64;643
6599;6499;"J";65;659;"K";64;649
6599;6619;"J";65;659;"K";66;661
6599;7740;"J";65;659;"N";77;774
6599;9499;"J";65;659;"S";94;949
6601;6511;"J";66;660;"K";65;651
6601;6520;"J";66;660;"K";65;652
6602;6530;"J";66;660;"K";65;653
6602;6630;"J";66;660;"K";66;663
6603;6511;"J";66;660;"K";65;651
6603;6512;"J";66;660;"K";65;651
6603;6520;"J";66;660;"K";65;652
6711;6611;"J";67;671;"K";66;661
6712;6612;"J";67;671;"K";66;661
6712;6630;"J";67;671;"K";66;663
6719;6419;"J";67;671;"K";64;641
6719;6612;"J";67;671;"K";66;661
6719;6619;"J";67;671;"K";66;661
6720;6621;"J";67;672;"K";66;662
6720;6622;"J";67;672;"K";66;662
6720;6629;"J";67;672;"K";66;662
7010;4290;"K";70;701;"F";42;429
7010;6810;"K";70;701;"L";68;681
7020;6820;"K";70;702;"L";68;682
7020;8110;"K";70;702;"N";81;811
7111;7710;"K";71;711;"N";77;771
7111;7730;"K";71;711;"N";77;773
7112;7730;"K";71;711;"N";77;773
7113;7730;"K";71;711;"N";77;773
7121;7730;"K";71;712;"N";77;773
7122;7730;"K";71;712;"N";77;773
7123;7730;"K";71;712;"N";77;773
7129;7730;"K";71;712;"N";77;773
7130;7721;"K";71;713;"N";77;772
7130;7722;"K";71;713;"N";77;772
7130;7729;"K";71;713;"N";77;772
7130;7730;"K";71;713;"N";77;773
7210;6202;"K";72;721;"J";62;620
7221;5820;"K";72;722;"J";58;582
7229;6201;"K";72;722;"J";62;620
7229;6202;"K";72;722;"J";62;620
7230;6202;"K";72;723;"J";62;620
7230;6311;"K";72;723;"J";63;631
7240;5811;"K";72;724;"J";58;581
7240;5812;"K";72;724;"J";58;581
7240;5813;"K";72;724;"J";58;581
7240;5819;"K";72;724;"J";58;581
7240;5820;"K";72;724;"J";58;582
7240;5920;"K";72;724;"J";59;592
7240;6010;"K";72;724;"J";60;601
7240;6020;"K";72;724;"J";60;602
7240;6312;"K";72;724;"J";63;631
7250;3312;"K";72;725;"C";33;331
7250;9511;"K";72;725;"S";95;951
7290;6209;"K";72;729;"J";62;620
7310;7210;"K";73;731;"M";72;721
7310;7220;"K";73;731;"M";72;722
7320;7220;"K";73;732;"M";72;722
7411;6910;"K";74;741;"M";69;691
7412;6920;"K";74;741;"M";69;692
7413;7320;"K";74;741;"M";73;732
7414;7010;"K";74;741;"M";70;701
7414;7020;"K";74;741;"M";70;702
7414;7490;"K";74;741;"M";74;749
7414;8550;"K";74;741;"P";85;855
7421;910;"K";74;742;"B";9;91
7421;990;"K";74;742;"B";9;99
7421;7110;"K";74;742;"M";71;711
7421;7410;"K";74;742;"M";74;741
7421;7490;"K";74;742;"M";74;749
7422;7120;"K";74;742;"M";71;712
7430;7310;"K";74;743;"M";73;731
7491;7810;"K";74;749;"N";78;781
7491;7820;"K";74;749;"N";78;782
7491;7830;"K";74;749;"N";78;783
7492;7490;"K";74;749;"M";74;749
7492;8010;"K";74;749;"N";80;801
7492;8020;"K";74;749;"N";80;802
7492;8030;"K";74;749;"N";80;803
7493;8121;"K";74;749;"N";81;812
7493;8129;"K";74;749;"N";81;812
7494;7420;"K";74;749;"M";74;742
7495;8292;"K";74;749;"N";82;829
7499;6399;"K";74;749;"J";63;639
7499;7310;"K";74;749;"M";73;731
7499;7410;"K";74;749;"M";74;741
7499;7490;"K";74;749;"M";74;749
7499;8211;"K";74;749;"N";82;821
7499;8219;"K";74;749;"N";82;821
7499;8220;"K";74;749;"N";82;822
7499;8230;"K";74;749;"N";82;823
7499;8291;"K";74;749;"N";82;829
7499;8299;"K";74;749;"N";82;829
7499;8550;"K";74;749;"P";85;855
7511;8411;"L";75;751;"O";84;841
7512;8412;"L";75;751;"O";84;841
7513;7990;"L";75;751;"N";79;799
7513;8413;"L";75;751;"O";84;841
7514;6810;"L";75;751;"L";68;681
7514;6820;"L";75;751;"L";68;682
7514;8411;"L";75;751;"O";84;841
7514;9101;"L";75;751;"R";91;910
7521;8421;"L";75;752;"O";84;842
7521;8890;"L";75;752;"Q";88;889
7522;8422;"L";75;752;"O";84;842
7523;7120;"L";75;752;"M";71;712
7523;8423;"L";75;752;"O";84;842
7530;8430;"L";75;753;"O";84;843
8010;8510;"M";80;801;"P";85;851
8021;8521;"M";80;802;"P";85;852
8022;8522;"M";80;802;"P";85;852
8030;8530;"M";80;803;"P";85;853
8090;8522;"M";80;809;"P";85;852
8090;8542;"M";80;809;"P";85;854
8090;8549;"M";80;809;"P";85;854
8511;8610;"N";85;851;"Q";86;861
8512;8620;"N";85;851;"Q";86;862
8519;8690;"N";85;851;"Q";86;869
8519;8710;"N";85;851;"Q";87;871
8519;8720;"N";85;851;"Q";87;872
8519;8730;"N";85;851;"Q";87;873
8520;7500;"N";85;852;"M";75;750
8531;8720;"N";85;853;"Q";87;872
8531;8730;"N";85;853;"Q";87;873
8531;8790;"N";85;853;"Q";87;879
8532;8550;"N";85;853;"P";85;855
8532;8810;"N";85;853;"Q";88;881
8532;8890;"N";85;853;"Q";88;889
9000;3700;"O";90;900;"E";37;370
9000;3811;"O";90;900;"E";38;381
9000;3812;"O";90;900;"E";38;381
9000;3821;"O";90;900;"E";38;382
9000;3822;"O";90;900;"E";38;382
9000;3900;"O";90;900;"E";39;390
9000;8129;"O";90;900;"N";81;812
9000;8130;"O";90;900;"N";81;813
9111;9411;"O";91;911;"S";94;941
9112;9412;"O";91;911;"S";94;941
9120;9420;"O";91;912;"S";94;942
9191;9491;"O";91;919;"S";94;949
9192;9492;"O";91;919;"S";94;949
9199;9499;"O";91;919;"S";94;949
9211;5911;"O";92;921;"J";59;591
9211;5912;"O";92;921;"J";59;591
9211;5913;"O";92;921;"J";59;591
9211;5920;"O";92;921;"J";59;592
9212;5914;"O";92;921;"J";59;591
9213;5911;"O";92;921;"J";59;591
9213;5920;"O";92;921;"J";59;592
9213;6010;"O";92;921;"J";60;601
9213;6020;"O";92;921;"J";60;602
9214;7990;"O";92;921;"N";79;799
9214;9000;"O";92;921;"R";90;900
9219;7990;"O";92;921;"N";79;799
9219;8542;"O";92;921;"P";85;854
9219;9000;"O";92;921;"R";90;900
9219;9321;"O";92;921;"R";93;932
9219;9329;"O";92;921;"R";93;932
9220;6391;"O";92;922;"J";63;639
9220;7420;"O";92;922;"M";74;742
9220;9000;"O";92;922;"R";90;900
9231;5912;"O";92;923;"J";59;591
9231;9101;"O";92;923;"R";91;910
9232;9102;"O";92;923;"R";91;910
9233;9103;"O";92;923;"R";91;910
9241;4922;"O";92;924;"H";49;492
9241;7990;"O";92;924;"N";79;799
9241;8541;"O";92;924;"P";85;854
9241;8549;"O";92;924;"P";85;854
9241;9311;"O";92;924;"R";93;931
9241;9312;"O";92;924;"R";93;931
9241;9319;"O";92;924;"R";93;931
9241;9329;"O";92;924;"R";93;932
9249;7810;"O";92;924;"N";78;781
9249;9200;"O";92;924;"R";92;920
9249;9329;"O";92;924;"R";93;932
9301;9601;"O";93;930;"S";96;960
9302;9602;"O";93;930;"S";96;960
9303;9603;"O";93;930;"S";96;960
9309;8541;"O";93;930;"P";85;854
9309;9609;"O";93;930;"S";96;960
9500;9700;"P";95;950;"T";97;970
9600;9810;"P";96;960;"T";98;981
9700;9820;"P";97;970;"T";98;982
9900;9900;"Q";99;990;"U";99;990
