isic_rev2_4dig;isic_rev2_secdig;isic_rev2_2dig;isic_rev2_3dig;isic_rev4_4dig;isic_rev4_secdig;isic_rev4_2dig;isic_rev4_3dig
1110;"1";11;111;111;"A";1;11
1110;"1";11;111;112;"A";1;11
1110;"1";11;111;113;"A";1;11
1110;"1";11;111;114;"A";1;11
1110;"1";11;111;115;"A";1;11
1110;"1";11;111;116;"A";1;11
1110;"1";11;111;119;"A";1;11
1110;"1";11;111;121;"A";1;12
1110;"1";11;111;122;"A";1;12
1110;"1";11;111;123;"A";1;12
1110;"1";11;111;124;"A";1;12
1110;"1";11;111;125;"A";1;12
1110;"1";11;111;126;"A";1;12
1110;"1";11;111;127;"A";1;12
1110;"1";11;111;128;"A";1;12
1110;"1";11;111;129;"A";1;12
1110;"1";11;111;130;"A";1;13
1110;"1";11;111;141;"A";1;14
1110;"1";11;111;142;"A";1;14
1110;"1";11;111;143;"A";1;14
1110;"1";11;111;144;"A";1;14
1110;"1";11;111;145;"A";1;14
1110;"1";11;111;146;"A";1;14
1110;"1";11;111;149;"A";1;14
1110;"1";11;111;150;"A";1;15
1110;"1";11;111;161;"A";1;16
1110;"1";11;111;162;"A";1;16
1110;"1";11;111;163;"A";1;16
1110;"1";11;111;164;"A";1;16
1110;"1";11;111;210;"A";2;21
1110;"1";11;111;220;"A";2;22
1110;"1";11;111;230;"A";2;23
1110;"1";11;111;240;"A";2;24
1110;"1";11;111;321;"A";3;32
1110;"1";11;111;322;"A";3;32
1110;"1";11;111;1102;"C";11;110
1110;"1";11;111;8130;"N";81;813
1120;"1";11;112;143;"A";1;14
1120;"1";11;112;145;"A";1;14
1120;"1";11;112;146;"A";1;14
1120;"1";11;112;149;"A";1;14
1120;"1";11;112;161;"A";1;16
1120;"1";11;112;162;"A";1;16
1120;"1";11;112;163;"A";1;16
1120;"1";11;112;164;"A";1;16
1120;"1";11;112;321;"A";3;32
1120;"1";11;112;322;"A";3;32
1120;"1";11;112;7010;"M";70;701
1120;"1";11;112;7020;"M";70;702
1120;"1";11;112;7490;"M";74;749
1120;"1";11;112;8130;"N";81;813
1120;"1";11;112;8550;"P";85;855
1130;"1";11;113;170;"A";1;17
1130;"1";11;113;9499;"S";94;949
1210;"1";12;121;113;"A";1;11
1210;"1";12;121;119;"A";1;11
1210;"1";12;121;125;"A";1;12
1210;"1";12;121;128;"A";1;12
1210;"1";12;121;129;"A";1;12
1210;"1";12;121;130;"A";1;13
1210;"1";12;121;210;"A";2;21
1210;"1";12;121;220;"A";2;22
1210;"1";12;121;230;"A";2;23
1210;"1";12;121;240;"A";2;24
1220;"1";12;122;129;"A";1;12
1220;"1";12;122;130;"A";1;13
1220;"1";12;122;210;"A";2;21
1220;"1";12;122;220;"A";2;22
1220;"1";12;122;230;"A";2;23
1220;"1";12;122;240;"A";2;24
1301;"1";13;130;170;"A";1;17
1301;"1";13;130;311;"A";3;31
1301;"1";13;130;312;"A";3;31
1301;"1";13;130;9499;"S";94;949
1302;"1";13;130;143;"A";1;14
1302;"1";13;130;145;"A";1;14
1302;"1";13;130;146;"A";1;14
1302;"1";13;130;149;"A";1;14
1302;"1";13;130;311;"A";3;31
1302;"1";13;130;312;"A";3;31
1302;"1";13;130;321;"A";3;32
1302;"1";13;130;322;"A";3;32
2100;"2";21;210;510;"B";5;51
2100;"2";21;210;520;"B";5;52
2100;"2";21;210;990;"B";9;99
2100;"2";21;210;1920;"C";19;192
2200;"2";22;220;510;"B";5;51
2200;"2";22;220;610;"B";6;61
2200;"2";22;220;620;"B";6;62
2200;"2";22;220;910;"B";9;91
2200;"2";22;220;990;"B";9;99
2200;"2";22;220;1920;"C";19;192
2301;"2";23;230;710;"B";7;71
2301;"2";23;230;990;"B";9;99
2302;"2";23;230;721;"B";7;72
2302;"2";23;230;729;"B";7;72
2302;"2";23;230;990;"B";9;99
2901;"2";29;290;810;"B";8;81
2901;"2";29;290;899;"B";8;89
2901;"2";29;290;990;"B";9;99
2902;"2";29;290;891;"B";8;89
2902;"2";29;290;990;"B";9;99
2903;"2";29;290;893;"B";8;89
2903;"2";29;290;990;"B";9;99
2909;"2";29;290;810;"B";8;81
2909;"2";29;290;892;"B";8;89
2909;"2";29;290;899;"B";8;89
2909;"2";29;290;990;"B";9;99
3111;"3";31;311;1010;"C";10;101
3111;"3";31;311;1030;"C";10;103
3111;"3";31;311;1071;"C";10;107
3111;"3";31;311;1075;"C";10;107
3111;"3";31;311;1079;"C";10;107
3111;"3";31;311;3530;"D";35;353
3112;"3";31;311;1050;"C";10;105
3113;"3";31;311;1030;"C";10;103
3113;"3";31;311;1071;"C";10;107
3113;"3";31;311;1075;"C";10;107
3113;"3";31;311;1079;"C";10;107
3113;"3";31;311;3530;"D";35;353
3114;"3";31;311;1020;"C";10;102
3114;"3";31;311;1030;"C";10;103
3114;"3";31;311;1071;"C";10;107
3114;"3";31;311;1075;"C";10;107
3114;"3";31;311;1079;"C";10;107
3114;"3";31;311;3530;"D";35;353
3115;"3";31;311;1010;"C";10;101
3115;"3";31;311;1020;"C";10;102
3115;"3";31;311;1040;"C";10;104
3115;"3";31;311;1062;"C";10;106
3115;"3";31;311;1075;"C";10;107
3116;"3";31;311;1030;"C";10;103
3116;"3";31;311;1061;"C";10;106
3116;"3";31;311;1062;"C";10;106
3116;"3";31;311;1075;"C";10;107
3117;"3";31;311;1071;"C";10;107
3117;"3";31;311;1074;"C";10;107
3117;"3";31;311;1075;"C";10;107
3118;"3";31;311;1072;"C";10;107
3119;"3";31;311;1030;"C";10;103
3119;"3";31;311;1073;"C";10;107
3119;"3";31;311;1075;"C";10;107
3121;"3";31;312;1030;"C";10;103
3121;"3";31;312;1062;"C";10;106
3121;"3";31;312;1071;"C";10;107
3121;"3";31;312;1072;"C";10;107
3121;"3";31;312;1073;"C";10;107
3121;"3";31;312;1074;"C";10;107
3121;"3";31;312;1075;"C";10;107
3121;"3";31;312;1079;"C";10;107
3121;"3";31;312;2011;"C";20;201
3121;"3";31;312;2029;"C";20;202
3121;"3";31;312;2610;"C";26;261
3121;"3";31;312;2680;"C";26;268
3121;"3";31;312;2817;"C";28;281
3121;"3";31;312;3530;"D";35;353
3122;"3";31;312;1061;"C";10;106
3122;"3";31;312;1080;"C";10;108
3131;"3";31;313;1101;"C";11;110
3131;"3";31;313;2011;"C";20;201
3132;"3";31;313;1102;"C";11;110
3133;"3";31;313;1103;"C";11;110
3134;"3";31;313;1104;"C";11;110
3140;"3";31;314;1200;"C";12;120
3211;"3";32;321;161;"A";1;16
3211;"3";32;321;162;"A";1;16
3211;"3";32;321;163;"A";1;16
3211;"3";32;321;164;"A";1;16
3211;"3";32;321;1311;"C";13;131
3211;"3";32;321;1312;"C";13;131
3211;"3";32;321;1313;"C";13;131
3211;"3";32;321;1399;"C";13;139
3211;"3";32;321;1709;"C";17;170
3211;"3";32;321;2030;"C";20;203
3211;"3";32;321;2310;"C";23;231
3211;"3";32;321;3313;"C";33;331
3211;"3";32;321;3319;"C";33;331
3211;"3";32;321;8020;"N";80;802
3211;"3";32;321;8130;"N";81;813
3211;"3";32;321;9512;"S";95;951
3211;"3";32;321;9521;"S";95;952
3211;"3";32;321;9522;"S";95;952
3211;"3";32;321;9523;"S";95;952
3211;"3";32;321;9524;"S";95;952
3211;"3";32;321;9529;"S";95;952
3212;"3";32;321;1392;"C";13;139
3212;"3";32;321;2220;"C";22;222
3212;"3";32;321;2610;"C";26;261
3212;"3";32;321;2733;"C";27;273
3212;"3";32;321;3250;"C";32;325
3212;"3";32;321;3290;"C";32;329
3212;"3";32;321;3314;"C";33;331
3212;"3";32;321;3319;"C";33;331
3213;"3";32;321;1391;"C";13;139
3213;"3";32;321;1430;"C";14;143
3214;"3";32;321;1393;"C";13;139
3214;"3";32;321;1629;"C";16;162
3214;"3";32;321;3290;"C";32;329
3214;"3";32;321;3319;"C";33;331
3215;"3";32;321;1394;"C";13;139
3215;"3";32;321;3319;"C";33;331
3219;"3";32;321;1313;"C";13;131
3219;"3";32;321;1399;"C";13;139
3219;"3";32;321;1420;"C";14;142
3219;"3";32;321;1511;"C";15;151
3219;"3";32;321;1512;"C";15;151
3219;"3";32;321;1629;"C";16;162
3219;"3";32;321;1709;"C";17;170
3219;"3";32;321;2029;"C";20;202
3219;"3";32;321;2219;"C";22;221
3219;"3";32;321;2220;"C";22;222
3219;"3";32;321;2599;"C";25;259
3219;"3";32;321;2829;"C";28;282
3219;"3";32;321;3092;"C";30;309
3219;"3";32;321;3212;"C";32;321
3219;"3";32;321;3290;"C";32;329
3219;"3";32;321;3312;"C";33;331
3219;"3";32;321;3830;"E";38;383
3220;"3";32;322;1313;"C";13;131
3220;"3";32;322;1410;"C";14;141
3220;"3";32;322;1420;"C";14;142
3220;"3";32;322;1511;"C";15;151
3220;"3";32;322;3290;"C";32;329
3231;"3";32;323;1511;"C";15;151
3232;"3";32;323;1420;"C";14;142
3232;"3";32;323;1511;"C";15;151
3233;"3";32;323;1399;"C";13;139
3233;"3";32;323;1512;"C";15;151
3233;"3";32;323;1629;"C";16;162
3233;"3";32;323;1709;"C";17;170
3233;"3";32;323;2029;"C";20;202
3233;"3";32;323;2219;"C";22;221
3233;"3";32;323;2220;"C";22;222
3233;"3";32;323;2599;"C";25;259
3233;"3";32;323;2829;"C";28;282
3233;"3";32;323;3092;"C";30;309
3233;"3";32;323;3212;"C";32;321
3233;"3";32;323;3290;"C";32;329
3233;"3";32;323;3312;"C";33;331
3240;"3";32;324;1512;"C";15;151
3240;"3";32;324;1520;"C";15;152
3240;"3";32;324;1629;"C";16;162
3240;"3";32;324;2219;"C";22;221
3240;"3";32;324;2220;"C";22;222
3240;"3";32;324;2599;"C";25;259
3240;"3";32;324;2817;"C";28;281
3240;"3";32;324;3230;"C";32;323
3240;"3";32;324;3290;"C";32;329
3240;"3";32;324;3311;"C";33;331
3311;"3";33;331;1610;"C";16;161
3311;"3";33;331;1621;"C";16;162
3311;"3";33;331;1622;"C";16;162
3311;"3";33;331;1623;"C";16;162
3311;"3";33;331;3319;"C";33;331
3312;"3";33;331;1623;"C";16;162
3312;"3";33;331;1629;"C";16;162
3312;"3";33;331;3290;"C";32;329
3312;"3";33;331;3319;"C";33;331
3319;"3";33;331;1399;"C";13;139
3319;"3";33;331;1512;"C";15;151
3319;"3";33;331;1520;"C";15;152
3319;"3";33;331;1610;"C";16;161
3319;"3";33;331;1629;"C";16;162
3319;"3";33;331;1709;"C";17;170
3319;"3";33;331;2029;"C";20;202
3319;"3";33;331;2219;"C";22;221
3319;"3";33;331;2220;"C";22;222
3319;"3";33;331;2599;"C";25;259
3319;"3";33;331;2829;"C";28;282
3319;"3";33;331;3092;"C";30;309
3319;"3";33;331;3212;"C";32;321
3319;"3";33;331;3230;"C";32;323
3319;"3";33;331;3290;"C";32;329
3319;"3";33;331;3312;"C";33;331
3319;"3";33;331;3319;"C";33;331
3320;"3";33;332;1392;"C";13;139
3320;"3";33;332;1399;"C";13;139
3320;"3";33;332;1512;"C";15;151
3320;"3";33;332;1629;"C";16;162
3320;"3";33;332;1709;"C";17;170
3320;"3";33;332;2029;"C";20;202
3320;"3";33;332;2219;"C";22;221
3320;"3";33;332;2220;"C";22;222
3320;"3";33;332;2599;"C";25;259
3320;"3";33;332;2817;"C";28;281
3320;"3";33;332;2829;"C";28;282
3320;"3";33;332;2930;"C";29;293
3320;"3";33;332;3011;"C";30;301
3320;"3";33;332;3020;"C";30;302
3320;"3";33;332;3030;"C";30;303
3320;"3";33;332;3092;"C";30;309
3320;"3";33;332;3100;"C";31;310
3320;"3";33;332;3212;"C";32;321
3320;"3";33;332;3250;"C";32;325
3320;"3";33;332;3290;"C";32;329
3320;"3";33;332;3312;"C";33;331
3320;"3";33;332;3319;"C";33;331
3320;"3";33;332;9524;"S";95;952
3411;"3";34;341;1312;"C";13;131
3411;"3";34;341;1621;"C";16;162
3411;"3";34;341;1701;"C";17;170
3411;"3";34;341;1702;"C";17;170
3411;"3";34;341;2399;"C";23;239
3411;"3";34;341;3290;"C";32;329
3411;"3";34;341;3319;"C";33;331
3412;"3";34;341;1702;"C";17;170
3412;"3";34;341;1709;"C";17;170
3412;"3";34;341;1811;"C";18;181
3412;"3";34;341;2220;"C";22;222
3419;"3";34;341;1512;"C";15;151
3419;"3";34;341;1520;"C";15;152
3419;"3";34;341;1629;"C";16;162
3419;"3";34;341;1701;"C";17;170
3419;"3";34;341;1709;"C";17;170
3419;"3";34;341;1811;"C";18;181
3419;"3";34;341;2219;"C";22;221
3419;"3";34;341;2220;"C";22;222
3419;"3";34;341;3230;"C";32;323
3420;"3";34;342;1709;"C";17;170
3420;"3";34;342;1811;"C";18;181
3420;"3";34;342;1812;"C";18;181
3420;"3";34;342;2220;"C";22;222
3420;"3";34;342;3290;"C";32;329
3420;"3";34;342;5811;"J";58;581
3420;"3";34;342;5812;"J";58;581
3420;"3";34;342;5813;"J";58;581
3420;"3";34;342;5819;"J";58;581
3420;"3";34;342;5920;"J";59;592
3511;"3";35;351;1079;"C";10;107
3511;"3";35;351;1910;"C";19;191
3511;"3";35;351;2011;"C";20;201
3511;"3";35;351;2012;"C";20;201
3511;"3";35;351;2029;"C";20;202
3511;"3";35;351;2100;"C";21;210
3511;"3";35;351;2420;"C";24;242
3511;"3";35;351;2610;"C";26;261
3511;"3";35;351;2680;"C";26;268
3511;"3";35;351;2817;"C";28;281
3511;"3";35;351;3812;"E";38;381
3511;"3";35;351;3821;"E";38;382
3511;"3";35;351;3822;"E";38;382
3512;"3";35;351;2012;"C";20;201
3512;"3";35;351;2021;"C";20;202
3512;"3";35;351;3821;"E";38;382
3513;"3";35;351;2013;"C";20;201
3513;"3";35;351;2030;"C";20;203
3513;"3";35;351;2219;"C";22;221
3513;"3";35;351;2220;"C";22;222
3513;"3";35;351;2610;"C";26;261
3513;"3";35;351;2733;"C";27;273
3513;"3";35;351;2812;"C";28;281
3513;"3";35;351;3290;"C";32;329
3513;"3";35;351;3314;"C";33;331
3513;"3";35;351;3319;"C";33;331
3521;"3";35;352;2022;"C";20;202
3522;"3";35;352;2100;"C";21;210
3522;"3";35;352;3250;"C";32;325
3523;"3";35;352;2023;"C";20;202
3529;"3";35;352;1079;"C";10;107
3529;"3";35;352;1399;"C";13;139
3529;"3";35;352;1512;"C";15;151
3529;"3";35;352;1629;"C";16;162
3529;"3";35;352;1709;"C";17;170
3529;"3";35;352;2011;"C";20;201
3529;"3";35;352;2022;"C";20;202
3529;"3";35;352;2023;"C";20;202
3529;"3";35;352;2029;"C";20;202
3529;"3";35;352;2219;"C";22;221
3529;"3";35;352;2220;"C";22;222
3529;"3";35;352;2520;"C";25;252
3529;"3";35;352;2599;"C";25;259
3529;"3";35;352;2610;"C";26;261
3529;"3";35;352;2680;"C";26;268
3529;"3";35;352;2817;"C";28;281
3529;"3";35;352;2829;"C";28;282
3529;"3";35;352;3030;"C";30;303
3529;"3";35;352;3040;"C";30;304
3529;"3";35;352;3092;"C";30;309
3529;"3";35;352;3212;"C";32;321
3529;"3";35;352;3290;"C";32;329
3529;"3";35;352;3311;"C";33;331
3529;"3";35;352;3312;"C";33;331
3530;"3";35;353;1920;"C";19;192
3540;"3";35;354;510;"B";5;51
3540;"3";35;354;520;"B";5;52
3540;"3";35;354;990;"B";9;99
3540;"3";35;354;1312;"C";13;131
3540;"3";35;354;1399;"C";13;139
3540;"3";35;354;1512;"C";15;151
3540;"3";35;354;1629;"C";16;162
3540;"3";35;354;1709;"C";17;170
3540;"3";35;354;1910;"C";19;191
3540;"3";35;354;1920;"C";19;192
3540;"3";35;354;2029;"C";20;202
3540;"3";35;354;2219;"C";22;221
3540;"3";35;354;2220;"C";22;222
3540;"3";35;354;2399;"C";23;239
3540;"3";35;354;2599;"C";25;259
3540;"3";35;354;2829;"C";28;282
3540;"3";35;354;3092;"C";30;309
3540;"3";35;354;3212;"C";32;321
3540;"3";35;354;3290;"C";32;329
3540;"3";35;354;3312;"C";33;331
3540;"3";35;354;3319;"C";33;331
3551;"3";35;355;2211;"C";22;221
3551;"3";35;355;2219;"C";22;221
3551;"3";35;355;2220;"C";22;222
3551;"3";35;355;2812;"C";28;281
3551;"3";35;355;3290;"C";32;329
3551;"3";35;355;3319;"C";33;331
3559;"3";35;355;1079;"C";10;107
3559;"3";35;355;1512;"C";15;151
3559;"3";35;355;1520;"C";15;152
3559;"3";35;355;1629;"C";16;162
3559;"3";35;355;2011;"C";20;201
3559;"3";35;355;2029;"C";20;202
3559;"3";35;355;2219;"C";22;221
3559;"3";35;355;2220;"C";22;222
3559;"3";35;355;2610;"C";26;261
3559;"3";35;355;2640;"C";26;264
3559;"3";35;355;2680;"C";26;268
3559;"3";35;355;2720;"C";27;272
3559;"3";35;355;2812;"C";28;281
3559;"3";35;355;2817;"C";28;281
3559;"3";35;355;2829;"C";28;282
3559;"3";35;355;3011;"C";30;301
3559;"3";35;355;3012;"C";30;301
3559;"3";35;355;3230;"C";32;323
3559;"3";35;355;3240;"C";32;324
3559;"3";35;355;3290;"C";32;329
3559;"3";35;355;3312;"C";33;331
3559;"3";35;355;3314;"C";33;331
3559;"3";35;355;3315;"C";33;331
3559;"3";35;355;3319;"C";33;331
3559;"3";35;355;3830;"E";38;383
3560;"3";35;356;1079;"C";10;107
3560;"3";35;356;1392;"C";13;139
3560;"3";35;356;1399;"C";13;139
3560;"3";35;356;1512;"C";15;151
3560;"3";35;356;1520;"C";15;152
3560;"3";35;356;1629;"C";16;162
3560;"3";35;356;1709;"C";17;170
3560;"3";35;356;2011;"C";20;201
3560;"3";35;356;2029;"C";20;202
3560;"3";35;356;2219;"C";22;221
3560;"3";35;356;2220;"C";22;222
3560;"3";35;356;2599;"C";25;259
3560;"3";35;356;2610;"C";26;261
3560;"3";35;356;2680;"C";26;268
3560;"3";35;356;2720;"C";27;272
3560;"3";35;356;2733;"C";27;273
3560;"3";35;356;2811;"C";28;281
3560;"3";35;356;2817;"C";28;281
3560;"3";35;356;2829;"C";28;282
3560;"3";35;356;2930;"C";29;293
3560;"3";35;356;3011;"C";30;301
3560;"3";35;356;3020;"C";30;302
3560;"3";35;356;3030;"C";30;303
3560;"3";35;356;3092;"C";30;309
3560;"3";35;356;3100;"C";31;310
3560;"3";35;356;3212;"C";32;321
3560;"3";35;356;3230;"C";32;323
3560;"3";35;356;3290;"C";32;329
3560;"3";35;356;3312;"C";33;331
3560;"3";35;356;3314;"C";33;331
3560;"3";35;356;3319;"C";33;331
3560;"3";35;356;3830;"E";38;383
3560;"3";35;356;9524;"S";95;952
3610;"3";36;361;2392;"C";23;239
3610;"3";36;361;2393;"C";23;239
3620;"3";36;362;2310;"C";23;231
3620;"3";36;362;2599;"C";25;259
3620;"3";36;362;2630;"C";26;263
3620;"3";36;362;2651;"C";26;265
3620;"3";36;362;2733;"C";27;273
3620;"3";36;362;2740;"C";27;274
3620;"3";36;362;2790;"C";27;279
3620;"3";36;362;2822;"C";28;282
3620;"3";36;362;2930;"C";29;293
3620;"3";36;362;3020;"C";30;302
3620;"3";36;362;3313;"C";33;331
3620;"3";36;362;3314;"C";33;331
3620;"3";36;362;3319;"C";33;331
3691;"3";36;369;2391;"C";23;239
3691;"3";36;369;2392;"C";23;239
3692;"3";36;369;2394;"C";23;239
3699;"3";36;369;892;"B";8;89
3699;"3";36;369;990;"B";9;99
3699;"3";36;369;1312;"C";13;131
3699;"3";36;369;1399;"C";13;139
3699;"3";36;369;1512;"C";15;151
3699;"3";36;369;1629;"C";16;162
3699;"3";36;369;1709;"C";17;170
3699;"3";36;369;2029;"C";20;202
3699;"3";36;369;2219;"C";22;221
3699;"3";36;369;2220;"C";22;222
3699;"3";36;369;2310;"C";23;231
3699;"3";36;369;2391;"C";23;239
3699;"3";36;369;2395;"C";23;239
3699;"3";36;369;2396;"C";23;239
3699;"3";36;369;2399;"C";23;239
3699;"3";36;369;2420;"C";24;242
3699;"3";36;369;2599;"C";25;259
3699;"3";36;369;2630;"C";26;263
3699;"3";36;369;2651;"C";26;265
3699;"3";36;369;2733;"C";27;273
3699;"3";36;369;2740;"C";27;274
3699;"3";36;369;2790;"C";27;279
3699;"3";36;369;2822;"C";28;282
3699;"3";36;369;2829;"C";28;282
3699;"3";36;369;2930;"C";29;293
3699;"3";36;369;3020;"C";30;302
3699;"3";36;369;3092;"C";30;309
3699;"3";36;369;3212;"C";32;321
3699;"3";36;369;3290;"C";32;329
3699;"3";36;369;3312;"C";33;331
3699;"3";36;369;3313;"C";33;331
3699;"3";36;369;3314;"C";33;331
3699;"3";36;369;3319;"C";33;331
3710;"3";37;371;162;"A";1;16
3710;"3";37;371;1811;"C";18;181
3710;"3";37;371;2410;"C";24;241
3710;"3";37;371;2431;"C";24;243
3710;"3";37;371;2591;"C";25;259
3710;"3";37;371;2592;"C";25;259
3710;"3";37;371;3020;"C";30;302
3710;"3";37;371;3311;"C";33;331
3710;"3";37;371;3315;"C";33;331
3710;"3";37;371;3830;"E";38;383
3720;"3";37;372;162;"A";1;16
3720;"3";37;372;1811;"C";18;181
3720;"3";37;372;2420;"C";24;242
3720;"3";37;372;2432;"C";24;243
3720;"3";37;372;2591;"C";25;259
3720;"3";37;372;2592;"C";25;259
3720;"3";37;372;3311;"C";33;331
3720;"3";37;372;3830;"E";38;383
3811;"3";38;381;1399;"C";13;139
3811;"3";38;381;1512;"C";15;151
3811;"3";38;381;1629;"C";16;162
3811;"3";38;381;1709;"C";17;170
3811;"3";38;381;2029;"C";20;202
3811;"3";38;381;2219;"C";22;221
3811;"3";38;381;2220;"C";22;222
3811;"3";38;381;2591;"C";25;259
3811;"3";38;381;2593;"C";25;259
3811;"3";38;381;2599;"C";25;259
3811;"3";38;381;2816;"C";28;281
3811;"3";38;381;2817;"C";28;281
3811;"3";38;381;2821;"C";28;282
3811;"3";38;381;2829;"C";28;282
3811;"3";38;381;3092;"C";30;309
3811;"3";38;381;3212;"C";32;321
3811;"3";38;381;3290;"C";32;329
3811;"3";38;381;3311;"C";33;331
3811;"3";38;381;3312;"C";33;331
3811;"3";38;381;3320;"C";33;332
3812;"3";38;381;2219;"C";22;221
3812;"3";38;381;2220;"C";22;222
3812;"3";38;381;2599;"C";25;259
3812;"3";38;381;2660;"C";26;266
3812;"3";38;381;2740;"C";27;274
3812;"3";38;381;2790;"C";27;279
3812;"3";38;381;2817;"C";28;281
3812;"3";38;381;2930;"C";29;293
3812;"3";38;381;3011;"C";30;301
3812;"3";38;381;3020;"C";30;302
3812;"3";38;381;3030;"C";30;303
3812;"3";38;381;3100;"C";31;310
3812;"3";38;381;3250;"C";32;325
3812;"3";38;381;3290;"C";32;329
3812;"3";38;381;3311;"C";33;331
3812;"3";38;381;3313;"C";33;331
3812;"3";38;381;3314;"C";33;331
3812;"3";38;381;3319;"C";33;331
3812;"3";38;381;3320;"C";33;332
3812;"3";38;381;9524;"S";95;952
3813;"3";38;381;2511;"C";25;251
3813;"3";38;381;2512;"C";25;251
3813;"3";38;381;2513;"C";25;251
3813;"3";38;381;2599;"C";25;259
3813;"3";38;381;2750;"C";27;275
3813;"3";38;381;2815;"C";28;281
3813;"3";38;381;2817;"C";28;281
3813;"3";38;381;2819;"C";28;281
3813;"3";38;381;2920;"C";29;292
3813;"3";38;381;3011;"C";30;301
3813;"3";38;381;3290;"C";32;329
3813;"3";38;381;3311;"C";33;331
3813;"3";38;381;3315;"C";33;331
3813;"3";38;381;3320;"C";33;332
3819;"3";38;381;162;"A";1;16
3819;"3";38;381;1399;"C";13;139
3819;"3";38;381;1512;"C";15;151
3819;"3";38;381;1629;"C";16;162
3819;"3";38;381;1709;"C";17;170
3819;"3";38;381;1811;"C";18;181
3819;"3";38;381;2029;"C";20;202
3819;"3";38;381;2219;"C";22;221
3819;"3";38;381;2220;"C";22;222
3819;"3";38;381;2410;"C";24;241
3819;"3";38;381;2420;"C";24;242
3819;"3";38;381;2431;"C";24;243
3819;"3";38;381;2512;"C";25;251
3819;"3";38;381;2591;"C";25;259
3819;"3";38;381;2592;"C";25;259
3819;"3";38;381;2593;"C";25;259
3819;"3";38;381;2599;"C";25;259
3819;"3";38;381;2630;"C";26;263
3819;"3";38;381;2651;"C";26;265
3819;"3";38;381;2733;"C";27;273
3819;"3";38;381;2740;"C";27;274
3819;"3";38;381;2750;"C";27;275
3819;"3";38;381;2790;"C";27;279
3819;"3";38;381;2811;"C";28;281
3819;"3";38;381;2812;"C";28;281
3819;"3";38;381;2813;"C";28;281
3819;"3";38;381;2815;"C";28;281
3819;"3";38;381;2817;"C";28;281
3819;"3";38;381;2819;"C";28;281
3819;"3";38;381;2821;"C";28;282
3819;"3";38;381;2822;"C";28;282
3819;"3";38;381;2826;"C";28;282
3819;"3";38;381;2829;"C";28;282
3819;"3";38;381;2930;"C";29;293
3819;"3";38;381;3020;"C";30;302
3819;"3";38;381;3092;"C";30;309
3819;"3";38;381;3212;"C";32;321
3819;"3";38;381;3250;"C";32;325
3819;"3";38;381;3290;"C";32;329
3819;"3";38;381;3311;"C";33;331
3819;"3";38;381;3312;"C";33;331
3819;"3";38;381;3313;"C";33;331
3819;"3";38;381;3314;"C";33;331
3819;"3";38;381;3320;"C";33;332
3819;"3";38;381;8020;"N";80;802
3819;"3";38;381;9512;"S";95;951
3819;"3";38;381;9521;"S";95;952
3819;"3";38;381;9522;"S";95;952
3819;"3";38;381;9523;"S";95;952
3819;"3";38;381;9524;"S";95;952
3819;"3";38;381;9529;"S";95;952
3821;"3";38;382;2811;"C";28;281
3821;"3";38;382;3312;"C";33;331
3821;"3";38;382;3320;"C";33;332
3822;"3";38;382;2790;"C";27;279
3822;"3";38;382;2811;"C";28;281
3822;"3";38;382;2812;"C";28;281
3822;"3";38;382;2813;"C";28;281
3822;"3";38;382;2816;"C";28;281
3822;"3";38;382;2818;"C";28;281
3822;"3";38;382;2819;"C";28;281
3822;"3";38;382;2821;"C";28;282
3822;"3";38;382;2822;"C";28;282
3822;"3";38;382;3312;"C";33;331
3822;"3";38;382;3314;"C";33;331
3822;"3";38;382;3320;"C";33;332
3823;"3";38;382;2593;"C";25;259
3823;"3";38;382;2651;"C";26;265
3823;"3";38;382;2670;"C";26;267
3823;"3";38;382;2790;"C";27;279
3823;"3";38;382;2818;"C";28;281
3823;"3";38;382;2819;"C";28;281
3823;"3";38;382;2822;"C";28;282
3823;"3";38;382;2823;"C";28;282
3823;"3";38;382;2826;"C";28;282
3823;"3";38;382;2829;"C";28;282
3823;"3";38;382;3250;"C";32;325
3823;"3";38;382;3311;"C";33;331
3823;"3";38;382;3312;"C";33;331
3823;"3";38;382;3313;"C";33;331
3823;"3";38;382;3314;"C";33;331
3823;"3";38;382;3319;"C";33;331
3823;"3";38;382;3320;"C";33;332
3824;"3";38;382;2513;"C";25;251
3824;"3";38;382;2593;"C";25;259
3824;"3";38;382;2599;"C";25;259
3824;"3";38;382;2630;"C";26;263
3824;"3";38;382;2651;"C";26;265
3824;"3";38;382;2733;"C";27;273
3824;"3";38;382;2740;"C";27;274
3824;"3";38;382;2790;"C";27;279
3824;"3";38;382;2811;"C";28;281
3824;"3";38;382;2812;"C";28;281
3824;"3";38;382;2813;"C";28;281
3824;"3";38;382;2815;"C";28;281
3824;"3";38;382;2816;"C";28;281
3824;"3";38;382;2818;"C";28;281
3824;"3";38;382;2819;"C";28;281
3824;"3";38;382;2822;"C";28;282
3824;"3";38;382;2823;"C";28;282
3824;"3";38;382;2824;"C";28;282
3824;"3";38;382;2825;"C";28;282
3824;"3";38;382;2826;"C";28;282
3824;"3";38;382;2829;"C";28;282
3824;"3";38;382;2930;"C";29;293
3824;"3";38;382;3011;"C";30;301
3824;"3";38;382;3020;"C";30;302
3824;"3";38;382;3250;"C";32;325
3824;"3";38;382;3311;"C";33;331
3824;"3";38;382;3312;"C";33;331
3824;"3";38;382;3313;"C";33;331
3824;"3";38;382;3314;"C";33;331
3824;"3";38;382;3315;"C";33;331
3824;"3";38;382;3320;"C";33;332
3825;"3";38;382;2610;"C";26;261
3825;"3";38;382;2620;"C";26;262
3825;"3";38;382;2817;"C";28;281
3825;"3";38;382;2819;"C";28;281
3825;"3";38;382;3250;"C";32;325
3825;"3";38;382;3312;"C";33;331
3825;"3";38;382;3320;"C";33;332
3825;"3";38;382;9511;"S";95;951
3829;"3";38;382;162;"A";1;16
3829;"3";38;382;1399;"C";13;139
3829;"3";38;382;1512;"C";15;151
3829;"3";38;382;1629;"C";16;162
3829;"3";38;382;1709;"C";17;170
3829;"3";38;382;1811;"C";18;181
3829;"3";38;382;2029;"C";20;202
3829;"3";38;382;2219;"C";22;221
3829;"3";38;382;2220;"C";22;222
3829;"3";38;382;2520;"C";25;252
3829;"3";38;382;2592;"C";25;259
3829;"3";38;382;2593;"C";25;259
3829;"3";38;382;2599;"C";25;259
3829;"3";38;382;2630;"C";26;263
3829;"3";38;382;2640;"C";26;264
3829;"3";38;382;2651;"C";26;265
3829;"3";38;382;2660;"C";26;266
3829;"3";38;382;2733;"C";27;273
3829;"3";38;382;2740;"C";27;274
3829;"3";38;382;2750;"C";27;275
3829;"3";38;382;2790;"C";27;279
3829;"3";38;382;2811;"C";28;281
3829;"3";38;382;2812;"C";28;281
3829;"3";38;382;2813;"C";28;281
3829;"3";38;382;2814;"C";28;281
3829;"3";38;382;2815;"C";28;281
3829;"3";38;382;2816;"C";28;281
3829;"3";38;382;2817;"C";28;281
3829;"3";38;382;2818;"C";28;281
3829;"3";38;382;2819;"C";28;281
3829;"3";38;382;2822;"C";28;282
3829;"3";38;382;2824;"C";28;282
3829;"3";38;382;2826;"C";28;282
3829;"3";38;382;2829;"C";28;282
3829;"3";38;382;2920;"C";29;292
3829;"3";38;382;2930;"C";29;293
3829;"3";38;382;3020;"C";30;302
3829;"3";38;382;3030;"C";30;303
3829;"3";38;382;3040;"C";30;304
3829;"3";38;382;3092;"C";30;309
3829;"3";38;382;3099;"C";30;309
3829;"3";38;382;3100;"C";31;310
3829;"3";38;382;3212;"C";32;321
3829;"3";38;382;3240;"C";32;324
3829;"3";38;382;3250;"C";32;325
3829;"3";38;382;3290;"C";32;329
3829;"3";38;382;3311;"C";33;331
3829;"3";38;382;3312;"C";33;331
3829;"3";38;382;3313;"C";33;331
3829;"3";38;382;3314;"C";33;331
3829;"3";38;382;3315;"C";33;331
3829;"3";38;382;3319;"C";33;331
3829;"3";38;382;3320;"C";33;332
3831;"3";38;383;2599;"C";25;259
3831;"3";38;383;2610;"C";26;261
3831;"3";38;383;2630;"C";26;263
3831;"3";38;383;2651;"C";26;265
3831;"3";38;383;2710;"C";27;271
3831;"3";38;383;2733;"C";27;273
3831;"3";38;383;2740;"C";27;274
3831;"3";38;383;2790;"C";27;279
3831;"3";38;383;2811;"C";28;281
3831;"3";38;383;2818;"C";28;281
3831;"3";38;383;2819;"C";28;281
3831;"3";38;383;2822;"C";28;282
3831;"3";38;383;2930;"C";29;293
3831;"3";38;383;3020;"C";30;302
3831;"3";38;383;3312;"C";33;331
3831;"3";38;383;3313;"C";33;331
3831;"3";38;383;3314;"C";33;331
3831;"3";38;383;3315;"C";33;331
3831;"3";38;383;3320;"C";33;332
3832;"3";38;383;1820;"C";18;182
3832;"3";38;383;2599;"C";25;259
3832;"3";38;383;2610;"C";26;261
3832;"3";38;383;2630;"C";26;263
3832;"3";38;383;2640;"C";26;264
3832;"3";38;383;2651;"C";26;265
3832;"3";38;383;2660;"C";26;266
3832;"3";38;383;2670;"C";26;267
3832;"3";38;383;2710;"C";27;271
3832;"3";38;383;2733;"C";27;273
3832;"3";38;383;2740;"C";27;274
3832;"3";38;383;2790;"C";27;279
3832;"3";38;383;2811;"C";28;281
3832;"3";38;383;2817;"C";28;281
3832;"3";38;383;2819;"C";28;281
3832;"3";38;383;2822;"C";28;282
3832;"3";38;383;2829;"C";28;282
3832;"3";38;383;2930;"C";29;293
3832;"3";38;383;3020;"C";30;302
3832;"3";38;383;3250;"C";32;325
3832;"3";38;383;3290;"C";32;329
3832;"3";38;383;3312;"C";33;331
3832;"3";38;383;3313;"C";33;331
3832;"3";38;383;3314;"C";33;331
3832;"3";38;383;3319;"C";33;331
3832;"3";38;383;3320;"C";33;332
3832;"3";38;383;5920;"J";59;592
3832;"3";38;383;9512;"S";95;951
3832;"3";38;383;9521;"S";95;952
3833;"3";38;383;2750;"C";27;275
3833;"3";38;383;2815;"C";28;281
3833;"3";38;383;2819;"C";28;281
3839;"3";38;383;2599;"C";25;259
3839;"3";38;383;2610;"C";26;261
3839;"3";38;383;2630;"C";26;263
3839;"3";38;383;2651;"C";26;265
3839;"3";38;383;2710;"C";27;271
3839;"3";38;383;2720;"C";27;272
3839;"3";38;383;2731;"C";27;273
3839;"3";38;383;2732;"C";27;273
3839;"3";38;383;2733;"C";27;273
3839;"3";38;383;2740;"C";27;274
3839;"3";38;383;2790;"C";27;279
3839;"3";38;383;2822;"C";28;282
3839;"3";38;383;2930;"C";29;293
3839;"3";38;383;3020;"C";30;302
3839;"3";38;383;3313;"C";33;331
3839;"3";38;383;3314;"C";33;331
3841;"3";38;384;2811;"C";28;281
3841;"3";38;384;2816;"C";28;281
3841;"3";38;384;3011;"C";30;301
3841;"3";38;384;3012;"C";30;301
3841;"3";38;384;3312;"C";33;331
3841;"3";38;384;3315;"C";33;331
3841;"3";38;384;3320;"C";33;332
3842;"3";38;384;3020;"C";30;302
3842;"3";38;384;3315;"C";33;331
3843;"3";38;384;1392;"C";13;139
3843;"3";38;384;2599;"C";25;259
3843;"3";38;384;2630;"C";26;263
3843;"3";38;384;2651;"C";26;265
3843;"3";38;384;2733;"C";27;273
3843;"3";38;384;2740;"C";27;274
3843;"3";38;384;2790;"C";27;279
3843;"3";38;384;2811;"C";28;281
3843;"3";38;384;2812;"C";28;281
3843;"3";38;384;2813;"C";28;281
3843;"3";38;384;2822;"C";28;282
3843;"3";38;384;2910;"C";29;291
3843;"3";38;384;2920;"C";29;292
3843;"3";38;384;2930;"C";29;293
3843;"3";38;384;3020;"C";30;302
3843;"3";38;384;3092;"C";30;309
3843;"3";38;384;3311;"C";33;331
3843;"3";38;384;3312;"C";33;331
3843;"3";38;384;3313;"C";33;331
3843;"3";38;384;3314;"C";33;331
3843;"3";38;384;3320;"C";33;332
3844;"3";38;384;2811;"C";28;281
3844;"3";38;384;3091;"C";30;309
3844;"3";38;384;3092;"C";30;309
3845;"3";38;384;2811;"C";28;281
3845;"3";38;384;2829;"C";28;282
3845;"3";38;384;3011;"C";30;301
3845;"3";38;384;3030;"C";30;303
3845;"3";38;384;3315;"C";33;331
3849;"3";38;384;1399;"C";13;139
3849;"3";38;384;1512;"C";15;151
3849;"3";38;384;1629;"C";16;162
3849;"3";38;384;1709;"C";17;170
3849;"3";38;384;2029;"C";20;202
3849;"3";38;384;2219;"C";22;221
3849;"3";38;384;2220;"C";22;222
3849;"3";38;384;2599;"C";25;259
3849;"3";38;384;2816;"C";28;281
3849;"3";38;384;2829;"C";28;282
3849;"3";38;384;3092;"C";30;309
3849;"3";38;384;3099;"C";30;309
3849;"3";38;384;3100;"C";31;310
3849;"3";38;384;3212;"C";32;321
3849;"3";38;384;3290;"C";32;329
3849;"3";38;384;3312;"C";33;331
3849;"3";38;384;3315;"C";33;331
3851;"3";38;385;1313;"C";13;131
3851;"3";38;385;1399;"C";13;139
3851;"3";38;385;1709;"C";17;170
3851;"3";38;385;2100;"C";21;210
3851;"3";38;385;2219;"C";22;221
3851;"3";38;385;2220;"C";22;222
3851;"3";38;385;2593;"C";25;259
3851;"3";38;385;2599;"C";25;259
3851;"3";38;385;2630;"C";26;263
3851;"3";38;385;2651;"C";26;265
3851;"3";38;385;2660;"C";26;266
3851;"3";38;385;2670;"C";26;267
3851;"3";38;385;2733;"C";27;273
3851;"3";38;385;2740;"C";27;274
3851;"3";38;385;2790;"C";27;279
3851;"3";38;385;2812;"C";28;281
3851;"3";38;385;2815;"C";28;281
3851;"3";38;385;2819;"C";28;281
3851;"3";38;385;2822;"C";28;282
3851;"3";38;385;2826;"C";28;282
3851;"3";38;385;2829;"C";28;282
3851;"3";38;385;2930;"C";29;293
3851;"3";38;385;3020;"C";30;302
3851;"3";38;385;3250;"C";32;325
3851;"3";38;385;3290;"C";32;329
3851;"3";38;385;3311;"C";33;331
3851;"3";38;385;3312;"C";33;331
3851;"3";38;385;3313;"C";33;331
3851;"3";38;385;3314;"C";33;331
3851;"3";38;385;3319;"C";33;331
3851;"3";38;385;3320;"C";33;332
3852;"3";38;385;2610;"C";26;261
3852;"3";38;385;2620;"C";26;262
3852;"3";38;385;2651;"C";26;265
3852;"3";38;385;2660;"C";26;266
3852;"3";38;385;2670;"C";26;267
3852;"3";38;385;2731;"C";27;273
3852;"3";38;385;2817;"C";28;281
3852;"3";38;385;2819;"C";28;281
3852;"3";38;385;2829;"C";28;282
3852;"3";38;385;3250;"C";32;325
3852;"3";38;385;3290;"C";32;329
3852;"3";38;385;3313;"C";33;331
3852;"3";38;385;3319;"C";33;331
3852;"3";38;385;3320;"C";33;332
3853;"3";38;385;2652;"C";26;265
3853;"3";38;385;3211;"C";32;321
3853;"3";38;385;3212;"C";32;321
3853;"3";38;385;3319;"C";33;331
3901;"3";39;390;162;"A";1;16
3901;"3";39;390;1811;"C";18;181
3901;"3";39;390;2592;"C";25;259
3901;"3";39;390;2599;"C";25;259
3901;"3";39;390;2652;"C";26;265
3901;"3";39;390;2817;"C";28;281
3901;"3";39;390;3211;"C";32;321
3901;"3";39;390;3212;"C";32;321
3901;"3";39;390;3290;"C";32;329
3901;"3";39;390;3311;"C";33;331
3901;"3";39;390;3319;"C";33;331
3902;"3";39;390;3220;"C";32;322
3902;"3";39;390;3319;"C";33;331
3903;"3";39;390;2640;"C";26;264
3903;"3";39;390;2829;"C";28;282
3903;"3";39;390;3220;"C";32;322
3903;"3";39;390;3230;"C";32;323
3903;"3";39;390;3240;"C";32;324
3903;"3";39;390;3290;"C";32;329
3903;"3";39;390;3312;"C";33;331
3903;"3";39;390;3319;"C";33;331
3909;"3";39;390;1313;"C";13;131
3909;"3";39;390;1399;"C";13;139
3909;"3";39;390;1410;"C";14;141
3909;"3";39;390;1512;"C";15;151
3909;"3";39;390;1629;"C";16;162
3909;"3";39;390;1701;"C";17;170
3909;"3";39;390;1709;"C";17;170
3909;"3";39;390;1811;"C";18;181
3909;"3";39;390;2022;"C";20;202
3909;"3";39;390;2029;"C";20;202
3909;"3";39;390;2219;"C";22;221
3909;"3";39;390;2220;"C";22;222
3909;"3";39;390;2599;"C";25;259
3909;"3";39;390;2640;"C";26;264
3909;"3";39;390;2740;"C";27;274
3909;"3";39;390;2790;"C";27;279
3909;"3";39;390;2817;"C";28;281
3909;"3";39;390;2826;"C";28;282
3909;"3";39;390;2829;"C";28;282
3909;"3";39;390;3092;"C";30;309
3909;"3";39;390;3212;"C";32;321
3909;"3";39;390;3240;"C";32;324
3909;"3";39;390;3290;"C";32;329
3909;"3";39;390;3311;"C";33;331
3909;"3";39;390;3312;"C";33;331
3909;"3";39;390;3314;"C";33;331
3909;"3";39;390;3319;"C";33;331
3909;"3";39;390;3320;"C";33;332
4101;"4";41;410;3510;"D";35;351
4102;"4";41;410;3520;"D";35;352
4103;"4";41;410;3530;"D";35;353
4200;"4";42;420;3600;"E";36;360
5000;"5";50;500;910;"B";9;91
5000;"5";50;500;990;"B";9;99
5000;"5";50;500;3320;"C";33;332
5000;"5";50;500;3900;"E";39;390
5000;"5";50;500;4100;"F";41;410
5000;"5";50;500;4210;"F";42;421
5000;"5";50;500;4220;"F";42;422
5000;"5";50;500;4290;"F";42;429
5000;"5";50;500;4311;"F";43;431
5000;"5";50;500;4312;"F";43;431
5000;"5";50;500;4321;"F";43;432
5000;"5";50;500;4322;"F";43;432
5000;"5";50;500;4329;"F";43;432
5000;"5";50;500;4330;"F";43;433
5000;"5";50;500;4390;"F";43;439
5000;"5";50;500;7110;"M";71;711
5000;"5";50;500;7120;"M";71;712
5000;"5";50;500;7410;"M";74;741
5000;"5";50;500;7490;"M";74;749
6100;"6";61;610;3830;"E";38;383
6100;"6";61;610;4510;"G";45;451
6100;"6";61;610;4530;"G";45;453
6100;"6";61;610;4540;"G";45;454
6100;"6";61;610;4610;"G";46;461
6100;"6";61;610;4620;"G";46;462
6100;"6";61;610;4630;"G";46;463
6100;"6";61;610;4641;"G";46;464
6100;"6";61;610;4649;"G";46;464
6100;"6";61;610;4651;"G";46;465
6100;"6";61;610;4652;"G";46;465
6100;"6";61;610;4653;"G";46;465
6100;"6";61;610;4659;"G";46;465
6100;"6";61;610;4661;"G";46;466
6100;"6";61;610;4662;"G";46;466
6100;"6";61;610;4663;"G";46;466
6100;"6";61;610;4669;"G";46;466
6100;"6";61;610;4690;"G";46;469
6200;"6";62;620;4510;"G";45;451
6200;"6";62;620;4530;"G";45;453
6200;"6";62;620;4540;"G";45;454
6200;"6";62;620;4711;"G";47;471
6200;"6";62;620;4719;"G";47;471
6200;"6";62;620;4721;"G";47;472
6200;"6";62;620;4722;"G";47;472
6200;"6";62;620;4723;"G";47;472
6200;"6";62;620;4730;"G";47;473
6200;"6";62;620;4741;"G";47;474
6200;"6";62;620;4742;"G";47;474
6200;"6";62;620;4751;"G";47;475
6200;"6";62;620;4752;"G";47;475
6200;"6";62;620;4753;"G";47;475
6200;"6";62;620;4759;"G";47;475
6200;"6";62;620;4761;"G";47;476
6200;"6";62;620;4762;"G";47;476
6200;"6";62;620;4763;"G";47;476
6200;"6";62;620;4764;"G";47;476
6200;"6";62;620;4771;"G";47;477
6200;"6";62;620;4772;"G";47;477
6200;"6";62;620;4773;"G";47;477
6200;"6";62;620;4774;"G";47;477
6200;"6";62;620;4781;"G";47;478
6200;"6";62;620;4782;"G";47;478
6200;"6";62;620;4789;"G";47;478
6200;"6";62;620;4791;"G";47;479
6200;"6";62;620;4799;"G";47;479
6200;"6";62;620;7721;"N";77;772
6200;"6";62;620;7722;"N";77;772
6200;"6";62;620;7729;"N";77;772
6200;"6";62;620;7730;"N";77;773
6310;"6";63;631;5610;"I";56;561
6310;"6";63;631;5621;"I";56;562
6310;"6";63;631;5629;"I";56;562
6310;"6";63;631;5630;"I";56;563
6320;"6";63;632;5510;"I";55;551
6320;"6";63;632;5520;"I";55;552
6320;"6";63;632;5590;"I";55;559
7111;"7";71;711;3315;"C";33;331
7111;"7";71;711;4911;"H";49;491
7111;"7";71;711;4912;"H";49;491
7111;"7";71;711;4921;"H";49;492
7111;"7";71;711;4922;"H";49;492
7111;"7";71;711;5221;"H";52;522
7111;"7";71;711;5222;"H";52;522
7111;"7";71;711;5223;"H";52;522
7111;"7";71;711;5510;"I";55;551
7111;"7";71;711;5520;"I";55;552
7111;"7";71;711;5590;"I";55;559
7111;"7";71;711;5610;"I";56;561
7111;"7";71;711;5621;"I";56;562
7111;"7";71;711;5629;"I";56;562
7111;"7";71;711;5630;"I";56;563
7112;"7";71;711;3315;"C";33;331
7112;"7";71;711;4520;"G";45;452
7112;"7";71;711;4921;"H";49;492
7112;"7";71;711;4922;"H";49;492
7112;"7";71;711;5221;"H";52;522
7112;"7";71;711;5222;"H";52;522
7112;"7";71;711;5223;"H";52;522
7113;"7";71;711;4921;"H";49;492
7113;"7";71;711;4922;"H";49;492
7114;"7";71;711;3315;"C";33;331
7114;"7";71;711;4923;"H";49;492
7114;"7";71;711;5221;"H";52;522
7114;"7";71;711;5222;"H";52;522
7114;"7";71;711;5223;"H";52;522
7114;"7";71;711;5320;"H";53;532
7115;"7";71;711;4930;"H";49;493
7116;"7";71;711;3315;"C";33;331
7116;"7";71;711;5221;"H";52;522
7116;"7";71;711;5222;"H";52;522
7116;"7";71;711;5223;"H";52;522
7116;"7";71;711;5224;"H";52;522
7116;"7";71;711;7710;"N";77;771
7116;"7";71;711;7730;"N";77;773
7121;"7";71;712;5011;"H";50;501
7121;"7";71;712;5012;"H";50;501
7122;"7";71;712;3315;"C";33;331
7122;"7";71;712;5021;"H";50;502
7122;"7";71;712;5022;"H";50;502
7122;"7";71;712;5221;"H";52;522
7122;"7";71;712;5222;"H";52;522
7122;"7";71;712;5223;"H";52;522
7123;"7";71;712;3315;"C";33;331
7123;"7";71;712;5221;"H";52;522
7123;"7";71;712;5222;"H";52;522
7123;"7";71;712;5223;"H";52;522
7123;"7";71;712;5224;"H";52;522
7123;"7";71;712;5229;"H";52;522
7123;"7";71;712;7490;"M";74;749
7123;"7";71;712;7730;"N";77;773
7131;"7";71;713;5110;"H";51;511
7131;"7";71;713;5120;"H";51;512
7131;"7";71;713;5320;"H";53;532
7132;"7";71;713;3315;"C";33;331
7132;"7";71;713;5221;"H";52;522
7132;"7";71;713;5222;"H";52;522
7132;"7";71;713;5223;"H";52;522
7132;"7";71;713;5224;"H";52;522
7132;"7";71;713;6110;"J";61;611
7132;"7";71;713;6120;"J";61;612
7132;"7";71;713;6130;"J";61;613
7132;"7";71;713;6190;"J";61;619
7132;"7";71;713;7730;"N";77;773
7191;"7";71;719;3315;"C";33;331
7191;"7";71;719;5221;"H";52;522
7191;"7";71;719;5222;"H";52;522
7191;"7";71;719;5223;"H";52;522
7191;"7";71;719;5229;"H";52;522
7191;"7";71;719;5320;"H";53;532
7191;"7";71;719;7490;"M";74;749
7191;"7";71;719;7911;"N";79;791
7191;"7";71;719;7912;"N";79;791
7191;"7";71;719;7990;"N";79;799
7192;"7";71;719;5210;"H";52;521
7200;"7";72;720;5310;"H";53;531
7200;"7";72;720;6110;"J";61;611
7200;"7";72;720;6120;"J";61;612
7200;"7";72;720;6130;"J";61;613
7200;"7";72;720;6190;"J";61;619
7200;"7";72;720;6399;"J";63;639
7200;"7";72;720;7310;"M";73;731
7200;"7";72;720;7410;"M";74;741
7200;"7";72;720;7490;"M";74;749
7200;"7";72;720;8211;"N";82;821
7200;"7";72;720;8219;"N";82;821
7200;"7";72;720;8220;"N";82;822
7200;"7";72;720;8230;"N";82;823
7200;"7";72;720;8291;"N";82;829
7200;"7";72;720;8299;"N";82;829
7200;"7";72;720;8550;"P";85;855
8101;"8";81;810;6411;"K";64;641
8101;"8";81;810;6419;"K";64;641
8102;"8";81;810;6419;"K";64;641
8102;"8";81;810;6420;"K";64;642
8102;"8";81;810;6430;"K";64;643
8102;"8";81;810;6491;"K";64;649
8102;"8";81;810;6492;"K";64;649
8102;"8";81;810;6499;"K";64;649
8102;"8";81;810;6612;"K";66;661
8102;"8";81;810;6619;"K";66;661
8102;"8";81;810;6630;"K";66;663
8102;"8";81;810;7740;"N";77;774
8102;"8";81;810;9499;"S";94;949
8103;"8";81;810;6419;"K";64;641
8103;"8";81;810;6420;"K";64;642
8103;"8";81;810;6430;"K";64;643
8103;"8";81;810;6499;"K";64;649
8103;"8";81;810;6611;"K";66;661
8103;"8";81;810;6612;"K";66;661
8103;"8";81;810;6619;"K";66;661
8103;"8";81;810;7740;"N";77;774
8103;"8";81;810;9499;"S";94;949
8200;"8";82;820;6511;"K";65;651
8200;"8";82;820;6512;"K";65;651
8200;"8";82;820;6520;"K";65;652
8200;"8";82;820;6530;"K";65;653
8200;"8";82;820;6621;"K";66;662
8200;"8";82;820;6622;"K";66;662
8200;"8";82;820;6629;"K";66;662
8200;"8";82;820;6630;"K";66;663
8310;"8";83;831;4100;"F";41;410
8310;"8";83;831;4210;"F";42;421
8310;"8";83;831;4220;"F";42;422
8310;"8";83;831;4290;"F";42;429
8310;"8";83;831;4390;"F";43;439
8310;"8";83;831;6810;"L";68;681
8310;"8";83;831;6820;"L";68;682
8310;"8";83;831;8110;"N";81;811
8321;"8";83;832;6910;"M";69;691
8322;"8";83;832;6920;"M";69;692
8323;"8";83;832;5811;"J";58;581
8323;"8";83;832;5812;"J";58;581
8323;"8";83;832;5813;"J";58;581
8323;"8";83;832;5819;"J";58;581
8323;"8";83;832;5820;"J";58;582
8323;"8";83;832;5920;"J";59;592
8323;"8";83;832;6010;"J";60;601
8323;"8";83;832;6020;"J";60;602
8323;"8";83;832;6201;"J";62;620
8323;"8";83;832;6202;"J";62;620
8323;"8";83;832;6209;"J";62;620
8323;"8";83;832;6311;"J";63;631
8323;"8";83;832;6312;"J";63;631
8324;"8";83;832;910;"B";9;91
8324;"8";83;832;990;"B";9;99
8324;"8";83;832;7110;"M";71;711
8324;"8";83;832;7120;"M";71;712
8324;"8";83;832;7210;"M";72;721
8324;"8";83;832;7220;"M";72;722
8324;"8";83;832;7410;"M";74;741
8324;"8";83;832;7490;"M";74;749
8325;"8";83;832;6399;"J";63;639
8325;"8";83;832;7310;"M";73;731
8325;"8";83;832;7320;"M";73;732
8325;"8";83;832;7410;"M";74;741
8325;"8";83;832;7490;"M";74;749
8325;"8";83;832;8211;"N";82;821
8325;"8";83;832;8219;"N";82;821
8325;"8";83;832;8220;"N";82;822
8325;"8";83;832;8230;"N";82;823
8325;"8";83;832;8291;"N";82;829
8325;"8";83;832;8299;"N";82;829
8325;"8";83;832;8550;"P";85;855
8329;"8";83;832;161;"A";1;16
8329;"8";83;832;162;"A";1;16
8329;"8";83;832;163;"A";1;16
8329;"8";83;832;164;"A";1;16
8329;"8";83;832;6391;"J";63;639
8329;"8";83;832;6399;"J";63;639
8329;"8";83;832;7010;"M";70;701
8329;"8";83;832;7020;"M";70;702
8329;"8";83;832;7220;"M";72;722
8329;"8";83;832;7310;"M";73;731
8329;"8";83;832;7410;"M";74;741
8329;"8";83;832;7420;"M";74;742
8329;"8";83;832;7490;"M";74;749
8329;"8";83;832;7810;"N";78;781
8329;"8";83;832;7820;"N";78;782
8329;"8";83;832;7830;"N";78;783
8329;"8";83;832;8010;"N";80;801
8329;"8";83;832;8020;"N";80;802
8329;"8";83;832;8030;"N";80;803
8329;"8";83;832;8130;"N";81;813
8329;"8";83;832;8211;"N";82;821
8329;"8";83;832;8219;"N";82;821
8329;"8";83;832;8220;"N";82;822
8329;"8";83;832;8230;"N";82;823
8329;"8";83;832;8291;"N";82;829
8329;"8";83;832;8292;"N";82;829
8329;"8";83;832;8299;"N";82;829
8329;"8";83;832;8541;"P";85;854
8329;"8";83;832;8550;"P";85;855
8329;"8";83;832;9000;"R";90;900
8329;"8";83;832;9609;"S";96;960
8330;"8";83;833;7721;"N";77;772
8330;"8";83;833;7722;"N";77;772
8330;"8";83;833;7729;"N";77;772
8330;"8";83;833;7730;"N";77;773
9100;"9";91;910;6810;"L";68;681
9100;"9";91;910;6820;"L";68;682
9100;"9";91;910;7120;"M";71;712
9100;"9";91;910;7990;"N";79;799
9100;"9";91;910;8411;"O";84;841
9100;"9";91;910;8412;"O";84;841
9100;"9";91;910;8413;"O";84;841
9100;"9";91;910;8421;"O";84;842
9100;"9";91;910;8422;"O";84;842
9100;"9";91;910;8423;"O";84;842
9100;"9";91;910;8430;"O";84;843
9100;"9";91;910;8890;"Q";88;889
9100;"9";91;910;9101;"R";91;910
9200;"9";92;920;3700;"E";37;370
9200;"9";92;920;3811;"E";38;381
9200;"9";92;920;3812;"E";38;381
9200;"9";92;920;3821;"E";38;382
9200;"9";92;920;3822;"E";38;382
9200;"9";92;920;3900;"E";39;390
9200;"9";92;920;8121;"N";81;812
9200;"9";92;920;8129;"N";81;812
9200;"9";92;920;8130;"N";81;813
9310;"9";93;931;7990;"N";79;799
9310;"9";93;931;8510;"P";85;851
9310;"9";93;931;8521;"P";85;852
9310;"9";93;931;8522;"P";85;852
9310;"9";93;931;8530;"P";85;853
9310;"9";93;931;8542;"P";85;854
9310;"9";93;931;8549;"P";85;854
9310;"9";93;931;8550;"P";85;855
9310;"9";93;931;8810;"Q";88;881
9310;"9";93;931;8890;"Q";88;889
9310;"9";93;931;9000;"R";90;900
9310;"9";93;931;9321;"R";93;932
9310;"9";93;931;9329;"R";93;932
9320;"9";93;932;7210;"M";72;721
9320;"9";93;932;7220;"M";72;722
9331;"9";93;933;2660;"C";26;266
9331;"9";93;933;3250;"C";32;325
9331;"9";93;933;3290;"C";32;329
9331;"9";93;933;3313;"C";33;331
9331;"9";93;933;3319;"C";33;331
9331;"9";93;933;3320;"C";33;332
9331;"9";93;933;8610;"Q";86;861
9331;"9";93;933;8620;"Q";86;862
9331;"9";93;933;8690;"Q";86;869
9331;"9";93;933;8710;"Q";87;871
9331;"9";93;933;8720;"Q";87;872
9331;"9";93;933;8730;"Q";87;873
9332;"9";93;933;161;"A";1;16
9332;"9";93;933;162;"A";1;16
9332;"9";93;933;163;"A";1;16
9332;"9";93;933;164;"A";1;16
9332;"9";93;933;7500;"M";75;750
9332;"9";93;933;8130;"N";81;813
9332;"9";93;933;8541;"P";85;854
9332;"9";93;933;9609;"S";96;960
9340;"9";93;934;5610;"I";56;561
9340;"9";93;934;5621;"I";56;562
9340;"9";93;934;5629;"I";56;562
9340;"9";93;934;5630;"I";56;563
9340;"9";93;934;8550;"P";85;855
9340;"9";93;934;8720;"Q";87;872
9340;"9";93;934;8730;"Q";87;873
9340;"9";93;934;8790;"Q";87;879
9340;"9";93;934;8810;"Q";88;881
9340;"9";93;934;8890;"Q";88;889
9350;"9";93;935;9411;"S";94;941
9350;"9";93;935;9412;"S";94;941
9350;"9";93;935;9420;"S";94;942
9391;"9";93;939;9491;"S";94;949
9399;"9";93;939;9492;"S";94;949
9399;"9";93;939;9499;"S";94;949
9411;"9";94;941;1820;"C";18;182
9411;"9";94;941;5911;"J";59;591
9411;"9";94;941;5912;"J";59;591
9411;"9";94;941;5913;"J";59;591
9411;"9";94;941;5920;"J";59;592
9411;"9";94;941;7810;"N";78;781
9411;"9";94;941;9200;"R";92;920
9411;"9";94;941;9329;"R";93;932
9412;"9";94;941;5911;"J";59;591
9412;"9";94;941;5912;"J";59;591
9412;"9";94;941;5913;"J";59;591
9412;"9";94;941;5914;"J";59;591
9412;"9";94;941;5920;"J";59;592
9412;"9";94;941;7721;"N";77;772
9412;"9";94;941;7722;"N";77;772
9412;"9";94;941;7729;"N";77;772
9412;"9";94;941;7730;"N";77;773
9413;"9";94;941;5911;"J";59;591
9413;"9";94;941;5920;"J";59;592
9413;"9";94;941;6010;"J";60;601
9413;"9";94;941;6020;"J";60;602
9413;"9";94;941;6110;"J";61;611
9413;"9";94;941;6120;"J";61;612
9413;"9";94;941;6130;"J";61;613
9413;"9";94;941;6190;"J";61;619
9414;"9";94;941;5911;"J";59;591
9414;"9";94;941;5912;"J";59;591
9414;"9";94;941;5913;"J";59;591
9414;"9";94;941;5920;"J";59;592
9414;"9";94;941;6399;"J";63;639
9414;"9";94;941;7310;"M";73;731
9414;"9";94;941;7410;"M";74;741
9414;"9";94;941;7490;"M";74;749
9414;"9";94;941;7721;"N";77;772
9414;"9";94;941;7722;"N";77;772
9414;"9";94;941;7729;"N";77;772
9414;"9";94;941;7730;"N";77;773
9414;"9";94;941;7810;"N";78;781
9414;"9";94;941;7990;"N";79;799
9414;"9";94;941;8211;"N";82;821
9414;"9";94;941;8219;"N";82;821
9414;"9";94;941;8220;"N";82;822
9414;"9";94;941;8230;"N";82;823
9414;"9";94;941;8291;"N";82;829
9414;"9";94;941;8299;"N";82;829
9414;"9";94;941;8542;"P";85;854
9414;"9";94;941;8550;"P";85;855
9414;"9";94;941;9000;"R";90;900
9414;"9";94;941;9200;"R";92;920
9414;"9";94;941;9321;"R";93;932
9414;"9";94;941;9329;"R";93;932
9415;"9";94;941;7990;"N";79;799
9415;"9";94;941;9000;"R";90;900
9420;"9";94;942;5912;"J";59;591
9420;"9";94;942;9101;"R";91;910
9420;"9";94;942;9102;"R";91;910
9420;"9";94;942;9103;"R";91;910
9490;"9";94;949;161;"A";1;16
9490;"9";94;949;162;"A";1;16
9490;"9";94;949;163;"A";1;16
9490;"9";94;949;164;"A";1;16
9490;"9";94;949;4922;"H";49;492
9490;"9";94;949;7710;"N";77;771
9490;"9";94;949;7721;"N";77;772
9490;"9";94;949;7722;"N";77;772
9490;"9";94;949;7729;"N";77;772
9490;"9";94;949;7730;"N";77;773
9490;"9";94;949;7810;"N";78;781
9490;"9";94;949;7990;"N";79;799
9490;"9";94;949;8130;"N";81;813
9490;"9";94;949;8541;"P";85;854
9490;"9";94;949;8542;"P";85;854
9490;"9";94;949;8549;"P";85;854
9490;"9";94;949;9000;"R";90;900
9490;"9";94;949;9200;"R";92;920
9490;"9";94;949;9311;"R";93;931
9490;"9";94;949;9312;"R";93;931
9490;"9";94;949;9319;"R";93;931
9490;"9";94;949;9321;"R";93;932
9490;"9";94;949;9329;"R";93;932
9490;"9";94;949;9609;"S";96;960
9511;"9";95;951;3313;"C";33;331
9511;"9";95;951;8020;"N";80;802
9511;"9";95;951;9512;"S";95;951
9511;"9";95;951;9521;"S";95;952
9511;"9";95;951;9522;"S";95;952
9511;"9";95;951;9523;"S";95;952
9511;"9";95;951;9524;"S";95;952
9511;"9";95;951;9529;"S";95;952
9512;"9";95;951;3313;"C";33;331
9512;"9";95;951;4321;"F";43;432
9512;"9";95;951;4322;"F";43;432
9512;"9";95;951;4329;"F";43;432
9512;"9";95;951;4330;"F";43;433
9512;"9";95;951;4390;"F";43;439
9512;"9";95;951;8020;"N";80;802
9512;"9";95;951;9512;"S";95;951
9512;"9";95;951;9521;"S";95;952
9512;"9";95;951;9522;"S";95;952
9512;"9";95;951;9523;"S";95;952
9512;"9";95;951;9524;"S";95;952
9512;"9";95;951;9529;"S";95;952
9513;"9";95;951;4520;"G";45;452
9513;"9";95;951;4540;"G";45;454
9513;"9";95;951;5221;"H";52;522
9514;"9";95;951;3313;"C";33;331
9514;"9";95;951;8020;"N";80;802
9514;"9";95;951;9512;"S";95;951
9514;"9";95;951;9521;"S";95;952
9514;"9";95;951;9522;"S";95;952
9514;"9";95;951;9523;"S";95;952
9514;"9";95;951;9524;"S";95;952
9514;"9";95;951;9529;"S";95;952
9519;"9";95;951;3312;"C";33;331
9519;"9";95;951;3313;"C";33;331
9519;"9";95;951;4540;"G";45;454
9519;"9";95;951;8020;"N";80;802
9519;"9";95;951;9511;"S";95;951
9519;"9";95;951;9512;"S";95;951
9519;"9";95;951;9521;"S";95;952
9519;"9";95;951;9522;"S";95;952
9519;"9";95;951;9523;"S";95;952
9519;"9";95;951;9524;"S";95;952
9519;"9";95;951;9529;"S";95;952
9520;"9";95;952;3313;"C";33;331
9520;"9";95;952;8020;"N";80;802
9520;"9";95;952;9512;"S";95;951
9520;"9";95;952;9521;"S";95;952
9520;"9";95;952;9522;"S";95;952
9520;"9";95;952;9523;"S";95;952
9520;"9";95;952;9524;"S";95;952
9520;"9";95;952;9529;"S";95;952
9520;"9";95;952;9601;"S";96;960
9530;"9";95;953;9700;"T";97;970
9591;"9";95;959;8522;"P";85;852
9591;"9";95;959;8542;"P";85;854
9591;"9";95;959;8549;"P";85;854
9591;"9";95;959;9602;"S";96;960
9592;"9";95;959;7420;"M";74;742
9599;"9";95;959;7911;"N";79;791
9599;"9";95;959;7912;"N";79;791
9599;"9";95;959;7990;"N";79;799
9599;"9";95;959;8121;"N";81;812
9599;"9";95;959;8129;"N";81;812
9599;"9";95;959;8541;"P";85;854
9599;"9";95;959;9603;"S";96;960
9599;"9";95;959;9609;"S";96;960
9600;"9";96;960;9900;"U";99;990
