isco_88_4dig;isco_88_1dig;isco_88_2dig;isco_88_3dig
110;0;1;11
1110;1;11;111
1120;1;11;112
1130;1;11;113
1141;1;11;114
1142;1;11;114
1143;1;11;114
1210;1;12;121
1221;1;12;122
1222;1;12;122
1223;1;12;122
1224;1;12;122
1225;1;12;122
1226;1;12;122
1227;1;12;122
1228;1;12;122
1229;1;12;122
1231;1;12;123
1232;1;12;123
1233;1;12;123
1234;1;12;123
1235;1;12;123
1236;1;12;123
1237;1;12;123
1239;1;12;123
1311;1;13;131
1312;1;13;131
1313;1;13;131
1314;1;13;131
1315;1;13;131
1316;1;13;131
1317;1;13;131
1318;1;13;131
1319;1;13;131
2111;2;21;211
2112;2;21;211
2113;2;21;211
2114;2;21;211
2121;2;21;212
2122;2;21;212
2131;2;21;213
2132;2;21;213
2139;2;21;213
2141;2;21;214
2142;2;21;214
2143;2;21;214
2144;2;21;214
2145;2;21;214
2146;2;21;214
2147;2;21;214
2148;2;21;214
2149;2;21;214
2211;2;22;221
2212;2;22;221
2213;2;22;221
2221;2;22;222
2222;2;22;222
2223;2;22;222
2224;2;22;222
2229;2;22;222
2230;2;22;223
2310;2;23;231
2320;2;23;232
2331;2;23;233
2332;2;23;233
2340;2;23;234
2351;2;23;235
2352;2;23;235
2359;2;23;235
2411;2;24;241
2412;2;24;241
2419;2;24;241
2421;2;24;242
2422;2;24;242
2429;2;24;242
2431;2;24;243
2432;2;24;243
2441;2;24;244
2442;2;24;244
2443;2;24;244
2444;2;24;244
2445;2;24;244
2446;2;24;244
2451;2;24;245
2452;2;24;245
2453;2;24;245
2454;2;24;245
2455;2;24;245
2460;2;24;246
3111;3;31;311
3112;3;31;311
3113;3;31;311
3114;3;31;311
3115;3;31;311
3116;3;31;311
3117;3;31;311
3118;3;31;311
3119;3;31;311
3121;3;31;312
3122;3;31;312
3123;3;31;312
3131;3;31;313
3132;3;31;313
3133;3;31;313
3139;3;31;313
3141;3;31;314
3142;3;31;314
3143;3;31;314
3144;3;31;314
3145;3;31;314
3151;3;31;315
3152;3;31;315
3211;3;32;321
3212;3;32;321
3213;3;32;321
3221;3;32;322
3222;3;32;322
3223;3;32;322
3224;3;32;322
3225;3;32;322
3226;3;32;322
3227;3;32;322
3228;3;32;322
3229;3;32;322
3231;3;32;323
3232;3;32;323
3241;3;32;324
3242;3;32;324
3310;3;33;331
3320;3;33;332
3330;3;33;333
3340;3;33;334
3411;3;34;341
3412;3;34;341
3413;3;34;341
3414;3;34;341
3415;3;34;341
3416;3;34;341
3417;3;34;341
3419;3;34;341
3421;3;34;342
3422;3;34;342
3423;3;34;342
3429;3;34;342
3431;3;34;343
3432;3;34;343
3433;3;34;343
3434;3;34;343
3439;3;34;343
3441;3;34;344
3442;3;34;344
3443;3;34;344
3444;3;34;344
3449;3;34;344
3450;3;34;345
3460;3;34;346
3471;3;34;347
3472;3;34;347
3473;3;34;347
3474;3;34;347
3475;3;34;347
3480;3;34;348
4111;4;41;411
4112;4;41;411
4113;4;41;411
4114;4;41;411
4115;4;41;411
4121;4;41;412
4122;4;41;412
4131;4;41;413
4132;4;41;413
4133;4;41;413
4141;4;41;414
4142;4;41;414
4143;4;41;414
4144;4;41;414
4190;4;41;419
4211;4;42;421
4212;4;42;421
4213;4;42;421
4214;4;42;421
4215;4;42;421
4221;4;42;422
4222;4;42;422
4223;4;42;422
5111;5;51;511
5112;5;51;511
5113;5;51;511
5121;5;51;512
5122;5;51;512
5123;5;51;512
5131;5;51;513
5132;5;51;513
5133;5;51;513
5139;5;51;513
5141;5;51;514
5142;5;51;514
5143;5;51;514
5149;5;51;514
5151;5;51;515
5152;5;51;515
5161;5;51;516
5162;5;51;516
5163;5;51;516
5169;5;51;516
5210;5;52;521
5220;5;52;522
5230;5;52;523
6111;6;61;611
6112;6;61;611
6113;6;61;611
6114;6;61;611
6121;6;61;612
6122;6;61;612
6123;6;61;612
6124;6;61;612
6129;6;61;612
6130;6;61;613
6141;6;61;614
6142;6;61;614
6151;6;61;615
6152;6;61;615
6153;6;61;615
6154;6;61;615
6210;6;62;621
7111;7;71;711
7112;7;71;711
7113;7;71;711
7121;7;71;712
7122;7;71;712
7123;7;71;712
7124;7;71;712
7129;7;71;712
7131;7;71;713
7132;7;71;713
7133;7;71;713
7134;7;71;713
7135;7;71;713
7136;7;71;713
7137;7;71;713
7141;7;71;714
7142;7;71;714
7143;7;71;714
7211;7;72;721
7212;7;72;721
7213;7;72;721
7214;7;72;721
7215;7;72;721
7216;7;72;721
7221;7;72;722
7222;7;72;722
7223;7;72;722
7224;7;72;722
7231;7;72;723
7232;7;72;723
7233;7;72;723
7241;7;72;724
7242;7;72;724
7243;7;72;724
7244;7;72;724
7245;7;72;724
7311;7;73;731
7312;7;73;731
7313;7;73;731
7321;7;73;732
7322;7;73;732
7323;7;73;732
7324;7;73;732
7331;7;73;733
7332;7;73;733
7341;7;73;734
7342;7;73;734
7343;7;73;734
7344;7;73;734
7345;7;73;734
7346;7;73;734
7411;7;74;741
7412;7;74;741
7413;7;74;741
7414;7;74;741
7415;7;74;741
7416;7;74;741
7421;7;74;742
7422;7;74;742
7423;7;74;742
7424;7;74;742
7431;7;74;743
7432;7;74;743
7433;7;74;743
7434;7;74;743
7435;7;74;743
7436;7;74;743
7437;7;74;743
7441;7;74;744
7442;7;74;744
8111;8;81;811
8112;8;81;811
8113;8;81;811
8121;8;81;812
8122;8;81;812
8123;8;81;812
8124;8;81;812
8131;8;81;813
8139;8;81;813
8141;8;81;814
8142;8;81;814
8143;8;81;814
8151;8;81;815
8152;8;81;815
8153;8;81;815
8154;8;81;815
8155;8;81;815
8159;8;81;815
8161;8;81;816
8162;8;81;816
8163;8;81;816
8171;8;81;817
8172;8;81;817
8211;8;82;821
8212;8;82;821
8221;8;82;822
8222;8;82;822
8223;8;82;822
8224;8;82;822
8229;8;82;822
8231;8;82;823
8232;8;82;823
8240;8;82;824
8251;8;82;825
8252;8;82;825
8253;8;82;825
8261;8;82;826
8262;8;82;826
8263;8;82;826
8264;8;82;826
8265;8;82;826
8266;8;82;826
8269;8;82;826
8271;8;82;827
8272;8;82;827
8273;8;82;827
8274;8;82;827
8275;8;82;827
8276;8;82;827
8277;8;82;827
8278;8;82;827
8279;8;82;827
8281;8;82;828
8282;8;82;828
8283;8;82;828
8284;8;82;828
8285;8;82;828
8286;8;82;828
8290;8;82;829
8311;8;83;831
8312;8;83;831
8321;8;83;832
8322;8;83;832
8323;8;83;832
8324;8;83;832
8331;8;83;833
8332;8;83;833
8333;8;83;833
8334;8;83;833
8340;8;83;834
9111;9;91;911
9112;9;91;911
9113;9;91;911
9120;9;91;912
9131;9;91;913
9132;9;91;913
9133;9;91;913
9141;9;91;914
9142;9;91;914
9151;9;91;915
9152;9;91;915
9153;9;91;915
9161;9;91;916
9162;9;91;916
9211;9;92;921
9212;9;92;921
9213;9;92;921
9311;9;93;931
9312;9;93;931
9313;9;93;931
9321;9;93;932
9322;9;93;932
9331;9;93;933
9332;9;93;933
9333;9;93;933
